session,unit_id,area,firing_rate,peak_rate,blank_rate,responsive,gOSI,gOSI_null,gOSI_corrected,p_OSI,gDSI,gDSI_null,gDSI_corrected,p_DSI,OSI,DSI,pref_ori,pref_dir,pref_tf,half1_ori,half2_ori,sg_pref_ori,sg_gOSI,sg_peak_rate,group,ll_constant,ll_orientation,ll_direction,glm_label,glm_label_shuffled
799864342,951087792,VISam,2.98348118910193,34.38404811337016,0.3245056121160324,True,0.9346984616742416,0.06226054567867578,0.8724379159955659,0.001996007984031936,0.1956143182308804,0.06039069934235871,0.1352236188885217,0.001996007984031936,0.973144986868705,0.19633876023358907,89.62967787926738,90.0,1.0,89.69601759471573,89.56888647936253,89.18492204848573,0.6235562703405415,20.85921325052358,higher visual,-20.038700561613975,-3.223950491774167,-2.9562840460060866,direction,untuned
799864342,951087797,VISam,7.3542272776852,2.5892255674501103,0.7514888776599906,True,0.5251692392679681,0.07938240424110751,0.44578683502686056,0.001996007984031936,0.12000822926317567,0.07462397775075846,0.045384251512417206,0.20359281437125748,0.6353819606898216,0.10174489691220946,83.91114330391382,270.0,1.0,84.91988565200984,82.75758862806593,16.778089285859902,0.2798073559126556,4.854507417270226,higher visual,-2.9639101046729115,-2.21625766622406,-2.268006726809971,orientation,untuned
799864342,951087804,VISam,5.62005249515776,31.05706300488391,2.0153592842100485,True,0.9238488318193682,0.05925605074215941,0.8645927810772087,0.001996007984031936,0.0680323501609729,0.05705500935162273,0.010977340809350165,0.3812375249500998,0.9875395763766288,0.07394382160389952,89.16556775484378,270.0,1.0,89.3461780404263,88.99230117920285,87.80114182148337,0.5216161164020264,24.548277809153486,higher visual,-19.339662333344094,-3.000348168568328,-2.987693891244168,direction,untuned
799864342,951087817,VISam,2.49805086409439,2.568733344776135,1.2126328487118343,True,0.10108006917738831,0.03959595803454061,0.0614841111428477,0.013972055888223553,0.19094335712914132,0.04027685767223406,0.15066649945690724,0.001996007984031936,0.2099756276591851,0.28109018770785016,104.44346276530855,315.0,1.0,102.71814511876772,105.89073264152637,166.51731992319318,0.14133273639916275,2.0052107564912696,higher visual,-3.1093418903198486,-3.086168907903901,-2.9611012340587717,direction,orientation
799864342,951087824,VISam,39.6034532818377,39.42593844155699,34.96138969258056,False,0.024415306415108754,0.011142039846275556,0.013273266568833198,0.03592814371257485,0.01833273383361883,0.011842863412458726,0.006489870421160105,0.1536926147704591,0.05324648530855465,0.03016725514219672,116.03735913141784,315.0,15.0,92.4031025007169,128.1106450275691,114.34465863774385,0.009553864143440425,40.36796536798194,higher visual,-7.054803243703479,-7.061113157927666,-7.02678288081524,untuned,untuned
799864342,951087829,VISam,2.39961612136182,0.6011940075106056,1.6908464962446643,False,0.48324966057905466,0.10175774141129676,0.38149191916775793,0.001996007984031936,0.30207175812374126,0.09580895872043046,0.2062627994033108,0.001996007984031936,0.7600004467879111,0.40800223313527456,93.9458574547129,270.0,1.0,94.90965248040166,92.91317519036488,101.8956456063158,0.23974343192258576,0.588179936006412,higher visual,-0.8912485846159981,-0.804168963590936,-0.7922277429237958,direction,untuned
799864342,951087855,VISam,7.26984126131788,0.2049514913998572,12.963205739290963,False,0.36884536727328593,0.32445487679161605,0.044390490481669875,0.27345309381237526,0.30725411243554096,0.3188738185772571,-0.011619706141716146,0.5728542914171657,0.621620513707888,0.5384633171061539,79.09925071349622,270.0,15.0,34.09875872916082,84.75424377837827,33.62465604772602,0.04673047227324429,8.363446177260357,higher visual,-0.4853527559722101,-0.4840001810386971,-0.49515330578275724,orientation,orientation
799864342,951087910,VISam,2.32806127507477,10.35693335407667,0.0,True,0.5434686654251422,0.06026964257944468,0.4831990228456975,0.001996007984031936,0.3408510987449149,0.06404036391367185,0.2768107348312431,0.001996007984031936,0.8101499102843532,0.3719455634392088,5.56171596323726,180.0,1.0,5.258026034255359,5.800733956047866,4.848500497261474,0.47088211509174954,4.806960821607927,higher visual,-7.874187258518381,-5.928723125861627,-5.486436980119277,direction,untuned
799864342,951087942,VISam,23.5272147275458,24.2662919944652,19.84616119415698,False,0.10227231957065251,0.02678047608627119,0.07549184348438132,0.001996007984031936,0.022488974922135776,0.028116102121876825,-0.005627127199741049,0.6407185628742516,0.20324980383013194,0.05619915599615111,100.15062576555444,90.0,15.0,97.5868618811543,103.9574503000424,98.45663869440926,0.036677510566209756,32.05345379258714,higher visual,-12.59234960760769,-12.310793497404399,-12.463078545622164,orientation,untuned
799864342,951087971,VISam,20.0133472890675,36.884476954372296,22.134814873668464,True,0.20266394404218727,0.012332667487666092,0.19033127655452117,0.001996007984031936,0.0370957643530399,0.011911720020788559,0.02518404433225134,0.001996007984031936,0.3316046738486906,0.09357843528538495,112.96205451309149,90.0,2.0,112.16067418833401,113.83625924839977,112.51396152660739,0.14296156439187693,21.587390937241086,higher visual,-6.34013555939907,-4.143884616561483,-4.056196299055408,direction,untuned
799864342,951087977,VISam,25.0149748496267,22.749665532958613,37.06216395469101,False,0.14323844863805393,0.018274345040061757,0.12496410359799218,0.001996007984031936,0.05349672260493188,0.01834164784205977,0.03515507476287211,0.005988023952095809,0.3230023112324974,0.04898464316559747,95.03240436948106,270.0,1.0,95.92974499032863,94.11186059037004,92.89403023753147,0.08492052111865692,21.30152456239958,higher visual,-7.373659509441144,-6.583214996311872,-6.469338651583048,direction,untuned
799864342,951087986,VISam,4.95676529436605,8.72411985436658,5.7898985521479025,True,0.023687745470042296,0.02464783903654974,-0.0009600935665074438,0.5189620758483033,0.07308133529267746,0.02497785023189555,0.04810348506078191,0.001996007984031936,0.05930955712602665,0.20642520986868987,18.035031372527826,270.0,2.0,17.096607072709226,18.990545366808647,120.26116556729323,0.040029171180459754,2.5330706445250355,higher visual,-5.10303568785013,-5.05840788978121,-4.967780372033099,direction,untuned
799864342,951088018,VISam,3.87042411362855,7.870155563514714,2.7497681591893777,True,0.4144899482644442,0.042982272581135884,0.3715076756833083,0.001996007984031936,0.03521231739316717,0.04307520697204588,-0.007862889578878707,0.6367265469061876,0.5599172585051342,0.10929291419961286,70.87441138815954,270.0,1.0,71.7596641425707,70.03832097486017,69.57036376404606,0.25218676956567143,6.40880858272259,higher visual,-6.157481096629354,-4.608844941991999,-4.613701795445504,orientation,untuned
799864342,951088063,VISam,8.66375589127877,16.054569735132088,7.25871131382962,True,0.32906382054242655,0.029796158187821643,0.2992676623546049,0.001996007984031936,0.1766167354580609,0.030395813990993736,0.14622092146706717,0.001996007984031936,0.6082109809301387,0.24867228444945164,79.88654399830415,270.0,2.0,79.2825097623961,80.44039873625694,66.14402627515162,0.10523281753005555,10.271974402412924,higher visual,-7.66126370394916,-6.05248802546414,-5.706913481178412,direction,untuned
799864342,951088145,VISam,3.43987747962128,6.490138495985979,3.5524908317036292,True,0.09867176181555172,0.041288844993128807,0.057382916822422914,0.013972055888223553,0.026425004946515854,0.03830485719544968,-0.011879852248933828,0.718562874251497,0.1518614073246219,0.03316951489633312,70.8695916275223,90.0,15.0,75.12744565163304,37.576619523544906,108.8048281179503,0.04819301886646442,4.517309316074213,higher visual,-7.051727865429514,-6.922454581312396,-6.9765495297254985,orientation,orientation
799864342,951088178,VISam,4.29619418067163,5.50638452674406,6.643865083168402,False,0.05775161846853341,0.03431517686118078,0.02343644160735263,0.1437125748502994,0.10507405841953565,0.033429632136007734,0.07164442628352792,0.003992015968063872,0.24816113113821228,0.3105690943682347,55.362293072488335,225.0,1.0,53.88347903479677,58.574114812495125,113.37190634198211,0.058775382987029695,5.38042968383635,higher visual,-5.199513245180491,-5.2080020543716135,-5.136762227247424,untuned,untuned
799864342,951088185,VISam,3.84504274799531,7.023016062889051,3.0401208542111977,True,0.40603081609911296,0.04943953088022562,0.35659128521888733,0.001996007984031936,0.12209967456639072,0.051254258463843995,0.07084541610254672,0.023952095808383235,0.7379539912918168,0.2363201302454815,55.65891222359785,45.0,15.0,57.779931699555306,53.313892874173,60.597263266511874,0.2744723741073474,5.458309806139515,higher visual,-6.198007553986238,-5.190292386531566,-5.162914318331714,direction,untuned
799864342,951088214,VISam,19.3309538204191,21.390114855215277,19.38504706447546,False,0.08209086129964936,0.02134589434801993,0.06074496695162943,0.001996007984031936,0.01769424396503856,0.023218737903066975,-0.005524493938028414,0.656686626746507,0.15110017548667398,0.06225544625260977,71.8651536661577,90.0,1.0,80.89423160209185,64.73891602741541,61.69473378377848,0.05232547219780998,20.148691887836936,higher visual,-9.552501925270608,-9.263263584897707,-9.34612422807675,orientation,untuned
799864342,951088220,VISam,17.0397002084213,20.768435100640016,17.198894754140706,False,0.09028506602721603,0.02093674971629646,0.06934831631091957,0.001996007984031936,0.03374193913345932,0.021939124562068063,0.011802814571391256,0.18163672654690619,0.1932072467683609,0.09747239353924984,76.48580185124473,90.0,1.0,82.52095064102578,70.32291486422523,61.94221562732977,0.042967590552513736,17.60304912480057,higher visual,-8.263112156207766,-7.960767902955226,-7.979177741009222,orientation,untuned
799864342,951088228,VISam,16.7861675266163,19.388428464091188,18.582320016450367,False,0.07334725197920272,0.019954767881719307,0.053392484097483414,0.001996007984031936,0.01764086307941905,0.02050851384488454,-0.002867650765465489,0.6027944111776448,0.14101666030695528,0.050721471098858856,75.03471633830458,90.0,1.0,82.83776096963842,67.26060097862342,58.1093829935005,0.04599384050412918,17.273668360636155,higher visual,-7.807043728482436,-7.5878565387225425,-7.655634987231688,orientation,untuned
799864342,951088261,VISam,5.91863475950738,21.943543171946946,2.4081805315815887,True,0.25525095137934917,0.01774854036080402,0.23750241101854513,0.001996007984031936,0.11656212159509363,0.018076449648020368,0.09848567194707326,0.001996007984031936,0.5049782426812804,0.11838530929570718,31.219938413094955,45.0,4.0,32.131042349522694,30.28549568526295,17.139964742607784,0.15416893823176134,11.720235831119808,higher visual,-6.3830062838774815,-4.564053397219142,-4.192942068868835,direction,untuned
799864342,951088304,VISam,3.09118809123558,10.363757583771157,1.1101546702003722,True,0.33101237758670915,0.03943057265167289,0.29158180493503627,0.001996007984031936,0.3049769541769676,0.04129160440223281,0.2636853497747348,0.001996007984031936,0.5843346253322965,0.2268506881920971,29.633905634035273,45.0,2.0,29.432464523778417,29.860465312063138,24.945278896568418,0.26286602454369445,10.209718191183903,higher visual,-7.15227346158841,-6.063944455341431,-5.204409955394777,direction,untuned
799864342,951088345,VISam,0.475689874727632,0.2186156336263679,0.25618962678354684,False,0.3953479700274432,0.12843468488083604,0.26691328514660717,0.003992015968063872,0.27200241679068177,0.13347162612692443,0.13853079066375734,0.03592814371257485,0.6410251020670381,0.4545456240007936,120.96381291050511,315.0,1.0,127.02731589739025,119.33574487726563,65.79322991382652,0.2445053958614961,1.162243553548578,higher visual,-0.4767864963935563,-0.4562355886136576,-0.45528104459250357,direction,untuned
799864342,951088352,VISam,2.42181310901892,0.9906000069753356,2.6472920809123393,False,0.11811827611737326,0.0901504769778787,0.027967799139494556,0.281437125748503,0.21052713894990696,0.08514523542010302,0.12538190352980394,0.007984031936127744,0.41809137584064887,0.4646472890675536,81.55030876117874,90.0,1.0,108.01342485123956,66.89034552584805,174.77406119322566,0.14782811531426757,3.413845568657765,higher visual,-2.1252723491000425,-2.1749841718511402,-2.1272439782520913,untuned,orientation
799864342,951088360,VISam,0.9243125366582,0.45772608027364187,0.6148562944388462,False,0.21099081555978863,0.09524945146311214,0.11574136409667649,0.031936127744510975,0.2901711039561662,0.09530181793706996,0.19486928601909623,0.001996007984031936,0.4255311662459362,0.32673160741807983,103.03756724664684,270.0,1.0,93.35459827570396,107.49599072620985,168.92380453859866,0.2562544653204268,1.7259414225942868,higher visual,-1.0159144223803611,-1.0018514751464378,-0.9815117590034287,direction,untuned
799864342,951088377,VISam,6.32173954801451,5.608841755055665,5.294581448950862,False,0.22272872612996822,0.042521005241128215,0.18020772088884002,0.001996007984031936,0.024278260939430602,0.0417025566256687,-0.017424295686238097,0.7884231536926147,0.3666227311882329,0.09685928813739124,107.62111512617842,90.0,1.0,104.9127935384702,110.18715451661235,166.52374950989457,0.016485377600607837,9.760863496791586,higher visual,-5.5323753952077395,-5.251596347847152,-5.265102253924019,orientation,untuned
799864342,951088402,VISam,0.0856972308280731,0.21861465347630257,0.034158780258283866,False,0.3299051047163785,0.15407748692651163,0.17582761778986689,0.017964071856287425,0.31018947669673286,0.14483081870945969,0.16535865798727317,0.03992015968063872,0.5802443770516897,0.7297280829085397,72.50383621714789,90.0,1.0,62.76858697731237,77.49151040453138,103.05913490335088,0.12725903033195218,0.291737248259175,higher visual,-0.4284425189069382,-0.41366922743440127,-0.40537142326934694,direction,untuned
799864342,951088476,VISam,0.801807642753152,1.4688187300931055,0.341585789835405,True,0.40232306634646897,0.049291602209383445,0.3530314641370855,0.001996007984031936,0.056759479718931166,0.04726498729044101,0.009494492428490153,0.3992015968063872,0.6349790531870502,0.007025030230062147,94.71713681609927,270.0,1.0,94.20623322517179,95.09902721325486,106.62762885181303,0.08235764824387257,1.031991744066247,higher visual,-1.9463520703693387,-1.7105572285060322,-1.7182130135410056,orientation,untuned
799864342,951088845,VISam,0.670873513028948,0.9974294877402612,0.170792938674218,False,0.3308764852748219,0.05111797319403984,0.27975851208078206,0.001996007984031936,0.05960328444998881,0.049433458388503757,0.010169826061485053,0.35528942115768464,0.5287941005141014,0.0774894982694164,81.83944598333902,270.0,4.0,78.61471037909499,84.62097385543487,87.61401045234794,0.22162734639172735,1.4257481648793984,higher visual,-1.4801884056146597,-1.3634114155221773,-1.3632435749814986,direction,orientation
799864342,951094929,VISp,2.50771131766785,9.297984842341563,0.05123808287619431,True,0.2684350954746417,0.04568854101964849,0.22274655445499325,0.001996007984031936,0.06453546072270021,0.044585593474275244,0.019949867248424964,0.2215568862275449,0.3458573668915159,0.10291830222702622,88.67487914441202,270.0,1.0,89.99998485169039,87.402780301702,82.55999958961526,0.1199847128144358,5.495953322041179,VISp,-6.7419107727013765,-4.0336608085745125,-4.0766220026821225,orientation,untuned
799864342,951094951,VISp,1.69475392318206,19.29285623374415,0.29034928216302397,True,0.8463139497633477,0.04937177301744141,0.7969421767459063,0.001996007984031936,0.04025318848798844,0.05276416958737493,-0.012510981099386496,0.6846307385229541,0.972755883984069,0.04573284036035394,139.20510052018113,135.0,1.0,138.53716038383817,139.85934316121552,143.88946064400477,0.6331801849405849,10.091188238579488,VISp,-12.043258249640518,-2.5817808762150927,-2.5051613104802564,direction,untuned
799864342,951094989,VISp,4.3269376345448,10.479871393636609,1.4346669332096618,True,0.3584790032341071,0.029073388281164854,0.32940561495294224,0.001996007984031936,0.05448762742432433,0.02754514092486434,0.02694248649945999,0.0718562874251497,0.5526309632374046,0.03999903388626924,41.44083901718287,225.0,1.0,43.95969758378123,39.16582499268656,36.9818088959807,0.27392554543592784,4.187841144362841,VISp,-5.122600277073141,-3.6171870027416255,-3.6091356689590066,direction,untuned
799864342,951095004,VISp,5.87005814509178,6.223709145799708,7.241635686726111,False,0.06323928410273447,0.012381363137027944,0.05085792096570652,0.001996007984031936,0.017947196875814735,0.012535749759200793,0.005411447116613942,0.21756487025948104,0.09891243087689987,0.037586140957439944,66.04777014976686,270.0,4.0,64.79551918128342,68.03510506785042,72.25407760664497,0.04495737403818178,6.564088085829327,VISp,-2.770206706443615,-2.718014447057572,-2.718616345237711,orientation,untuned
799864342,951095011,VISp,3.80797485541511,1.2433765210444394,1.0589171999144322,False,0.5116533824981838,0.09673432867941678,0.41491905381876704,0.001996007984031936,0.27718075286108995,0.09145334757766746,0.1857274052834225,0.001996007984031936,0.8291462598921272,0.36329456943292526,9.032647352162456,0.0,1.0,7.287111976613886,10.301605653547002,4.324370078000505,0.3536867917115929,7.887980220617975,VISp,-1.7897323409232022,-1.5812156661661754,-1.5759713516480067,direction,untuned
799864342,951095018,VISp,1.00430208998515,1.7557579449502811,1.2980339123983549,False,0.2582106974030876,0.05387282525055828,0.20433787215252933,0.001996007984031936,0.32445867343303336,0.05146994604658972,0.27298872738644364,0.001996007984031936,0.6037428621107687,0.520711390289325,86.88958427837743,270.0,15.0,86.89218844900658,86.887193243467,111.10981342152614,0.09055343683315363,0.5175983436853235,VISp,-2.0149522977805883,-1.9386533175668164,-1.787135458011051,direction,orientation
799864342,951095026,VISp,3.77172894393285,27.36111518498695,0.2732681418085641,True,0.7370212986633673,0.04578822449012123,0.6912330741732461,0.001996007984031936,0.011574011107397579,0.04212967422101388,-0.0305556631136163,0.9540918163672655,0.9496166725870187,0.005397824179049368,44.57915493401197,45.0,1.0,45.04778139035576,44.17462427201833,46.99552985834997,0.5369629313335202,14.577451533975934,VISp,-14.589190463900547,-3.8571077706734407,-3.889266422177491,orientation,untuned
799864342,951095073,VISp,3.86089201300548,9.277520693425949,0.37574535769830775,True,0.5336569462558384,0.040580392723539874,0.4930765535322985,0.001996007984031936,0.05222399027881987,0.04248534607876249,0.009738644200057378,0.36926147704590817,0.7124847360536246,0.08770636570839375,123.94719837876008,135.0,1.0,124.50228442112032,123.31296440178966,131.77304515089094,0.18844919537978322,10.287081339713552,VISp,-6.046970371410327,-3.5775570836579447,-3.589328782345752,orientation,untuned
799864342,951095109,VISp,2.39635114001306,9.400459782967783,0.0,True,0.8110520559532965,0.07090551590817444,0.7401465400451221,0.001996007984031936,0.14760149019898952,0.06900539679633994,0.07859609340264959,0.031936127744510975,0.9137688200556573,0.14906072188964345,88.68899021050183,270.0,2.0,88.81064416518636,88.59550764653675,90.86598132483667,0.6031752514669114,18.087709392064898,VISp,-6.935302256970739,-3.121575606704679,-3.103295946120594,direction,orientation
799864342,951095117,VISp,3.89573304419773,37.94346691114951,0.11955511832542483,True,0.8402970506005137,0.04740233914424422,0.7928947114562696,0.001996007984031936,0.0034173258113358493,0.04918758299052746,-0.04577025717919161,0.9940119760479041,0.9758093301667037,0.003069540660010413,134.27467072467758,315.0,4.0,134.0816374833782,134.45420874887216,131.3390296256557,0.6957372532933672,25.52772305094861,VISp,-22.408965837819434,-4.308360033162553,-4.331704163626618,orientation,untuned
799864342,951095125,VISp,8.38385727734968,17.298026382535447,6.199794288946598,True,0.18649765291692774,0.024931945104848863,0.16156570781207888,0.001996007984031936,0.08914077318661517,0.02381827371683435,0.06532249946978083,0.001996007984031936,0.3289614097103918,0.10809667294675986,158.4328785596527,180.0,8.0,163.32486526743716,154.90511977108065,96.1647831135408,0.13089228012325968,11.47656691135408,VISp,-8.769275984370237,-7.959257422095557,-7.771851339118863,direction,untuned
799864342,951095223,VISp,9.89569578677244,29.683944377620744,0.34158631491708275,True,0.04000695870891413,0.015611030792893823,0.024395927916020306,0.011976047904191617,0.034651138893811786,0.015192205686927475,0.019458933206884313,0.03792415169660679,0.05904671303862393,0.11424603608157548,92.42079879965675,135.0,1.0,104.24207876290345,82.06467128021221,112.42210116593978,0.0793343310529733,21.34346561591478,VISp,-7.330328151087667,-4.923409944740723,-4.6928789348050515,direction,untuned
799864342,951095248,VISp,2.32432761047854,35.504545261239286,0.0512379078537552,True,0.9461109441421981,0.061084421284408275,0.8850265228577898,0.001996007984031936,0.22195227777675494,0.05884327018826399,0.16310900758849095,0.001996007984031936,0.9963507346086443,0.20231393372389114,45.813452623672696,45.0,4.0,45.985331288758246,45.653594939926364,49.09459357059288,0.7063362271445832,15.372670807458634,VISp,-20.470417404150812,-2.97521436216408,-2.449809041610157,direction,untuned
799864342,951095275,VISp,2.97235205891716,1.4141707374212567,0.7002510573148064,True,0.08407231085651354,0.06727964987077062,0.01679266098574292,0.32335329341317365,0.12197920890543743,0.06385348942668771,0.05812571947874971,0.06387225548902195,0.10399956079166145,0.3226863378063968,37.1656592871589,270.0,1.0,46.68337104282978,31.243516939406575,179.3776667640131,0.2736641328998905,4.155572461009014,VISp,-2.593971757755994,-2.5187715428856223,-2.536352383254406,orientation,orientation
799864342,951095304,VISp,3.74353767944665,3.4910277629024327,2.4081879700219706,False,0.22258442840453474,0.060604711510836934,0.1619797168936978,0.001996007984031936,0.11639896795038934,0.06202269167183874,0.0543762762785506,0.06387225548902195,0.31956354038275475,0.034413299900920416,19.525702855396357,180.0,1.0,32.88029169216964,12.0029330045101,2.774643244200547,0.14609236488108512,5.168314948653662,VISp,-5.118663207531928,-4.949838702682011,-4.909971169738175,direction,untuned
799864342,951095313,VISp,4.58234487126862,13.854786607239596,2.391105166951634,True,0.20077074880190532,0.016351836884561658,0.18441891191734366,0.001996007984031936,0.06100195181908037,0.016029599843338217,0.044972351975742154,0.001996007984031936,0.28578297663853724,0.07103316724979772,110.7408837259022,135.0,1.0,112.08942317679653,109.33399572848666,94.07313944205777,0.10206085590780244,10.10728402033008,VISp,-4.7453471299294145,-3.9406858723724634,-3.901739931825135,direction,orientation
799864342,951095346,VISp,3.25267250611715,5.246767785261599,0.03415860523672363,True,0.34029469812461766,0.04262432142817092,0.29767037669644675,0.001996007984031936,0.12595188141774716,0.042178881677692695,0.08377299974005446,0.001996007984031936,0.5554421958660339,0.1752110722116194,105.58362225079267,270.0,1.0,106.33044462200738,104.83032079708603,149.5876928571168,0.04855308419732139,8.182769113739573,VISp,-4.325822347769499,-3.6992126625817177,-3.6772381039299824,direction,untuned
799864342,951095381,VISp,3.76695235094681,3.7574699245711245,0.8710463588116777,True,0.09202722590765977,0.02772108210357393,0.06430614380408584,0.001996007984031936,0.05193863557807318,0.029302857121738322,0.02263577845633486,0.08782435129740519,0.20218864772664097,0.12244936386598905,164.26690198543048,180.0,15.0,158.91410594935695,167.63452353181577,162.10065226364316,0.12369429414379465,1.4655252628639759,VISp,-3.1810048195596545,-3.1376691540433845,-3.109536293236689,direction,untuned
799864342,951095391,VISp,3.15564210742046,2.9991430772355487,2.3227879564943006,False,0.30741738508561617,0.03351363932038767,0.27390374576522847,0.001996007984031936,0.08300776651460594,0.03286444729982471,0.050143319214781226,0.013972055888223553,0.5963653194870374,0.15526361999750507,9.725511555872648,0.0,15.0,9.498251878731041,10.021082037358411,4.251481932452502,0.46510833203871177,8.615443134274162,VISp,-2.7612893831651504,-2.470988719451009,-2.4640712938491065,direction,untuned
799864342,951095400,VISp,3.4280015663104,46.04590592587131,0.13663459596845673,True,0.7988935724995934,0.054183260444226215,0.7447103120553672,0.001996007984031936,0.17162872312063965,0.053169143690909484,0.11845957942973016,0.001996007984031936,0.8894108836299643,0.19028672057068002,135.7693111250598,315.0,15.0,135.56704838742635,135.95199460441893,131.92751253645238,0.6190629750644077,23.154142039597136,VISp,-23.541278172395415,-5.204159432717075,-4.774001142096588,direction,untuned
799864342,951095408,VISp,2.10928726742101,3.9350842400909567,0.6490141995805041,True,0.34431139485955653,0.04643717892862166,0.2978742159309349,0.001996007984031936,0.4053097152480505,0.0444377438662429,0.3608719713818076,0.001996007984031936,0.5308982198562171,0.4961053125655943,25.486720188996625,45.0,2.0,25.790995388662758,25.1124136498892,4.98339575179671,0.3083167750310921,3.7942183339680193,VISp,-2.992972068775251,-2.3723488662322723,-2.0053487098513587,direction,untuned
799864342,951095419,VISp,8.67963140773979,13.943552985027427,6.729259846059958,True,0.09174168946734149,0.022880965476281982,0.0688607239910595,0.001996007984031936,0.041862998120560796,0.02280622797961491,0.019056770140945888,0.11377245508982035,0.19269310305623946,0.06329689348837204,79.94441774310062,90.0,15.0,74.56111111832799,85.11054277581763,26.026731713128786,0.07796166802177995,11.080423181352323,VISp,-6.233322607644961,-6.078495616182609,-6.09307426811093,orientation,orientation
799864342,951095427,VISp,15.5593301879188,22.756468481047587,12.655788180996264,True,0.05435468661374524,0.013481031928376512,0.04087365468536873,0.001996007984031936,0.017325052334109012,0.01349863166475088,0.003826420669358132,0.3373253493013972,0.07703271665245388,0.006343687263986026,70.32421502187877,90.0,1.0,78.72757416422618,61.145960144230706,17.366096388507252,0.04632832789454299,22.960251046031626,VISp,-5.504032258311926,-5.065364917790859,-5.080005129757298,orientation,untuned
799864342,951095433,VISp,3.74063426018063,4.782230881944491,5.021322933369516,False,0.23703332121867207,0.02340861265253734,0.21362470856613475,0.001996007984031936,0.03095518452837585,0.02221824317941249,0.00873694134896336,0.2694610778443114,0.5325682733461704,0.08695691299409358,170.2173549478388,180.0,15.0,175.72800525349328,165.45590293797446,171.30237413221946,0.20945823390662024,3.2902244199322763,VISp,-3.342450508402343,-2.8988092815124404,-2.8984882748180887,direction,untuned
799864342,951095450,VISp,6.22174651102429,7.658400004747068,7.429513441239393,False,0.11585574187886585,0.01868823664301846,0.0971675052358474,0.001996007984031936,0.11318875625342592,0.018331540551661925,0.094857215701764,0.001996007984031936,0.24694271168291085,0.1538855209351757,15.28776186166926,0.0,8.0,20.877725072956245,9.660390142366273,10.599334340739368,0.17216070854150547,6.285659946749434,VISp,-3.661453874144388,-3.479527948060749,-3.3770757978231756,direction,untuned
799864342,951095469,VISp,4.70559970204549,9.086230333826911,1.1784738934284071,True,0.15207745637983378,0.02081396224282938,0.1312634941370044,0.001996007984031936,0.049220706692728385,0.02218679771544023,0.027033908977288156,0.03592814371257485,0.2922050092646641,0.04972385053330269,178.72403175833307,0.0,1.0,0.9145652053484922,176.82988219835957,176.34079972629877,0.07458340688951381,6.827691137316726,VISp,-4.306514271485226,-3.9850554389823714,-3.9771126489774233,direction,orientation
799864342,951095480,VISp,14.4991138623912,23.296171818493946,15.52511137092728,True,0.1947475265691433,0.020398247378724907,0.17434927919041837,0.001996007984031936,0.011720067903954853,0.0189740444031772,-0.007253976499222346,0.7544910179640718,0.32042385427008235,0.02974415864303566,82.82832633746433,90.0,1.0,82.82752382329117,82.82929312519141,90.6670968072938,0.08726593534446972,20.143986448337678,VISp,-7.185814749029504,-5.577033105414296,-5.596497056546932,orientation,untuned
799864342,951095511,VISp,9.24280108666179,22.674479707428006,8.573822253555988,True,0.5603111568332839,0.04049453438662284,0.519816622446661,0.001996007984031936,0.05179750631449131,0.0397449590148627,0.01205254729962861,0.2954091816367265,0.7221417117740097,0.06668731772369973,95.90902548380437,90.0,1.0,95.72065685018092,96.08819843333801,92.84655311161492,0.4345681528133959,35.71899115378521,VISp,-10.59692144832573,-4.215559642063239,-4.111501984573088,direction,untuned
799864342,951095552,VISp,16.2358268769016,18.1519136623512,12.433748495814267,False,0.1571792808293398,0.0170453624174359,0.1401339184119039,0.001996007984031936,0.04409000391556785,0.01666836776918968,0.027421636146378173,0.013972055888223553,0.3199192843462398,0.09612289009942367,96.6142766465657,270.0,1.0,97.45024629726171,95.5976543970227,88.26529026333206,0.09668377464391911,21.320346320354584,VISp,-5.174022012892219,-4.551382522852741,-4.53956315866196,direction,untuned
799864342,951095561,VISp,33.6637415092196,36.481599582485465,47.395121123626126,False,0.024060951920382413,0.011202979896620047,0.012857972023762366,0.03592814371257485,0.03930711464033767,0.010493558580228064,0.028813556060109605,0.001996007984031936,0.04989171076918132,0.05585776108665586,30.64948432761064,0.0,4.0,48.79946947831354,13.172374858128798,89.89320984585804,0.10400847404573085,32.94748729532692,VISp,-6.578221464366541,-6.562120276079797,-6.459176945858433,direction,orientation
799864342,951095572,VISp,3.11124789025615,4.659245270957312,3.8086956853777423,False,0.13406123497637437,0.026386118930419138,0.10767511604595523,0.001996007984031936,0.06839304421078314,0.026310475027338423,0.04208256918344472,0.00998003992015968,0.022488726262857958,0.10714437348862342,176.4065545586353,45.0,15.0,178.45296122302017,175.1224374380974,77.77954537151119,0.07044695241858744,3.919631093544952,VISp,-3.7224087219249804,-3.4632771852351576,-3.4529555600797814,direction,untuned
799864342,951095580,VISp,3.40926982911027,10.637029611342435,3.1084405150363996,True,0.37550549596813654,0.039024945587537316,0.3364805503805992,0.001996007984031936,0.1712456345120465,0.04059214916518179,0.13065348534686472,0.001996007984031936,0.6905540814691911,0.2958798568174403,17.284047759325343,0.0,1.0,17.36185266382409,17.21886981200108,12.34827651478611,0.44185077891947855,7.731076454926771,VISp,-7.1487061588501035,-5.728468554736223,-5.516663029874144,direction,untuned
799864342,951095617,VISp,40.5836198656929,36.331163239924635,37.33541870712498,False,0.19260037270497787,0.02367818154712363,0.16892219115785423,0.001996007984031936,0.027595919684447724,0.021795972991809652,0.005799946692638072,0.3413173652694611,0.33500579306062833,0.03816621836566235,88.53038970557438,270.0,1.0,87.67064249689747,89.6999162282141,90.24698456470057,0.05977827701814466,48.99774138905834,VISp,-12.154039023512578,-9.911955407477773,-9.941196047682103,orientation,untuned
799864342,951095627,VISp,10.2083284806427,4.174185830607847,14.756523850690062,False,0.08736423493087632,0.04083295721191078,0.04653127771896554,0.03992015968063872,0.06033817333529862,0.03839160970913984,0.02194656362615878,0.19560878243512975,0.17726232027615207,0.18181894582307778,118.77119964431898,270.0,1.0,117.08121702316029,123.23918970546336,136.22192952794202,0.035147284599242296,9.180035650628314,VISp,-4.713739008521084,-4.704940730637866,-4.750657199938539,orientation,untuned
799864342,951095635,VISp,8.91508934434546,15.111765522644106,11.22112448574921,False,0.06278665438432329,0.01529523623616046,0.04749141814816284,0.001996007984031936,0.031534969176323535,0.015299999399055852,0.016234969777267683,0.041916167664670656,0.16145717731023265,0.09667744832076322,96.47018138734512,90.0,1.0,98.3115786224493,94.64459061123179,117.71519346389934,0.036698141028576714,6.5311500094127615,VISp,-4.540184709159586,-4.454414564578732,-4.414559017886967,direction,untuned
799864342,951095644,VISp,2.42482338055726,4.748071261450906,2.749772622201818,True,0.2758299075857833,0.04719393694101352,0.22863597064476976,0.001996007984031936,0.053528355535773606,0.04841675065451412,0.005111604881259488,0.4351297405189621,0.3755584577184207,0.027347126449963493,177.7035778068704,0.0,1.0,177.5623955617602,177.82933150201234,87.23691900600026,0.20710661354256768,5.764163372860638,VISp,-4.3495849277071255,-3.5367599112452126,-3.5669084966038014,orientation,untuned
799864342,951095654,VISp,1.35140118030362,2.3569541227931317,2.8010037041934264,False,0.17302861845322545,0.04150735657258127,0.13152126188064417,0.001996007984031936,0.07980085172724094,0.03991774194941433,0.03988310977782661,0.05788423153692615,0.33850810436799855,0.0298500834343184,166.8222443310613,0.0,4.0,169.34722116780952,163.30932265068344,16.895481886408334,0.09918639098475851,1.5072270825410534,VISp,-3.2990393441597505,-3.2088086714069384,-3.204012786904073,direction,untuned
799864342,951095664,VISp,4.48681301154794,16.990533546034474,2.151993267613587,True,0.02127170126100929,0.014434403618175612,0.0068372976428336795,0.21756487025948104,0.05285212919775144,0.013416683174547224,0.039435446023204215,0.001996007984031936,0.04287627656989516,0.046497614983722645,74.54460127543446,45.0,4.0,78.99946552061684,68.52197283485572,162.32279488642905,0.008857765073861174,6.529693217000782,VISp,-5.007650443760049,-4.905610534154162,-4.793415643176681,direction,untuned
799864342,951095684,VISp,7.74463674539513,12.556776725270568,11.511454340412199,False,0.4405805414920217,0.028845957499435047,0.41173458399258667,0.001996007984031936,0.06694569463983623,0.029083483284049333,0.03786221135578689,0.021956087824351298,0.8139654740733451,0.07705837726739033,10.578721750135493,0.0,15.0,11.337054066053835,9.826862335526586,65.47253394011837,0.08608108565654521,9.109730848866043,VISp,-6.46184785532742,-3.8490535834916537,-3.786742919950065,direction,untuned
799864342,951095693,VISp,2.06611061317471,4.522616800726026,2.0495162266826537,True,0.19318100230126722,0.03635142373355381,0.1568295785677134,0.001996007984031936,0.1460150876179892,0.03623401902942252,0.10978106858856668,0.001996007984031936,0.24729193055927925,0.133563659813931,18.023667236271827,45.0,1.0,16.214639899021808,19.844076250597873,176.06147299645087,0.08190059132125312,2.4857223106455253,VISp,-4.078036788801265,-3.7621968279836926,-3.6685783172968733,direction,untuned
799864342,951095699,VISp,13.3601305819371,17.250130405320192,7.617379469206152,True,0.10046114678746704,0.013427988313978605,0.08703315847348843,0.001996007984031936,0.02243786705462761,0.013070674614456903,0.009367192440170709,0.14570858283433133,0.20467555939330173,0.04080703512656773,127.6898349531357,315.0,1.0,125.77177546244403,129.82041559578542,144.3435671160592,0.06448375201905084,21.38099258842868,VISp,-4.383982160977358,-4.115042379204342,-4.131972015720607,orientation,untuned
799864342,951095706,VISp,1.62591478897157,7.18014207676008,0.4099044879924821,True,0.7101334965131391,0.053048329670823506,0.6570851668423155,0.001996007984031936,0.051817319039321255,0.054120879279027576,-0.0023035602397063204,0.5209580838323353,0.945395554319616,0.05574940416066779,52.739100508885606,225.0,15.0,52.75913702377479,52.717051382249366,62.18303382762986,0.5760559491769064,10.926030491250655,VISp,-5.72192283327712,-2.9583743124958146,-2.973149638309291,orientation,untuned
799864342,951095714,VISp,14.1228869207265,30.271532106585074,9.171593207110584,True,0.06339379926412023,0.013593022178729423,0.0498007770853908,0.001996007984031936,0.01846165246345858,0.014962986902681198,0.003498665560777381,0.34530938123752497,0.06932343186419206,0.001016857615803137,27.83207519423857,180.0,15.0,35.082799084497005,21.007129257095166,88.28255978028135,0.10838950384944934,12.977602108041594,VISp,-7.500158009867484,-7.304569738295234,-7.3740925944073386,orientation,untuned
799864342,951095732,VISp,3.72031032531848,7.316790534351741,1.2297112762560793,True,0.13626322356834322,0.02665335141116827,0.10960987215717495,0.001996007984031936,0.06611770337491957,0.02642237293406781,0.03969533044085176,0.021956087824351298,0.10497893928290837,0.026353029585702896,169.19940849493025,315.0,8.0,0.4485685748630201,162.3601145756866,118.43842914768354,0.11592409496553746,3.7620789942801642,VISp,-5.7367255656682605,-5.499536488058446,-5.356340839385199,direction,untuned
799864342,951095739,VISp,2.33041542506859,5.75231927339949,1.2297119763135378,True,0.21757960130567977,0.03126063450720456,0.1863189667984752,0.001996007984031936,0.09046447109864289,0.03049960494017424,0.05996486615846865,0.005988023952095809,0.35915970976157424,0.05184164037730999,57.40328530855897,225.0,1.0,56.46853866737996,58.17715827138344,36.64720229249346,0.16687338708519633,3.8105046343981632,VISp,-4.460108428552564,-4.079504534052906,-4.042175260204685,direction,untuned
799864342,951095777,VISp,3.93254090779599,8.553358647600376,3.8428465020817106,True,0.14991877021150452,0.03995567645853165,0.10996309375297286,0.001996007984031936,0.31679605857403464,0.03874014297970665,0.278055915594328,0.001996007984031936,0.39927540255790844,0.5343139933636285,167.6582632692194,0.0,2.0,164.78831138764212,171.31686648638973,96.58566249106566,0.25222744900758703,8.29098437794271,VISp,-5.334054733241622,-4.848653529676224,-4.2190691595045,direction,untuned
799864342,951095784,VISp,1.87055127680531,7.685703611078152,1.75917482056729,True,0.300810526831753,0.0491659880573071,0.2516445387744459,0.001996007984031936,0.4612905960573424,0.047460339669406756,0.41383025638793564,0.001996007984031936,0.4715499209632882,0.4990004433376064,159.3891566954218,315.0,1.0,159.2904869942636,159.49931488378155,143.81676290046545,0.13627360709636466,2.042430445706241,VISp,-5.842756195630467,-4.911020458977498,-3.820465317766547,direction,untuned
799864342,951095821,VISp,1.79037944158874,1.919724710854642,2.066597804613849,False,0.4957208041808809,0.052067119967527865,0.443653684213353,0.001996007984031936,0.07112356644609336,0.06175007002663323,0.009373496419460128,0.38323353293413176,0.9213679580122328,0.163561260252457,166.96775865976548,180.0,1.0,168.24610841190514,165.81369703787078,115.15652922108256,0.1279108760075722,3.41964537011134,VISp,-2.516880619853331,-2.0289554870717526,-2.0018088528719886,direction,orientation
799864342,951095831,VISp,15.4431934172779,13.397017960931768,19.145917575330166,False,0.27095298967649073,0.03284553435275889,0.23810745532373184,0.001996007984031936,0.06863132058409857,0.03166092283648707,0.0369703977476115,0.05189620758483034,0.5151619614234635,0.06373769766878341,97.96337663784503,270.0,1.0,101.16799081073064,93.97235926794984,101.79744990851937,0.026100841210919094,15.099755317151862,VISp,-7.959227119317388,-6.890156929689698,-6.936559028377919,orientation,untuned
799864342,951095885,VISp,5.06431246942805,5.123808568007501,3.159677897789764,True,0.23806971658418064,0.02913623625432065,0.20893348032985998,0.001996007984031936,0.03650522036397575,0.029592162158323713,0.006913058205652037,0.3532934131736527,0.40383772528535,0.005363054379711444,129.24851839327818,135.0,2.0,128.46877886448456,130.05007334707716,154.60355444091695,0.06178293866344671,8.101135190921413,VISp,-3.5813700160075697,-3.2103578612059716,-3.224328045655658,orientation,untuned
799864342,951095895,VISp,6.07676286509526,6.387684557847369,3.4841790468442144,True,0.24791150725279887,0.030723285943789008,0.21718822130900986,0.001996007984031936,0.04754942583849146,0.028928471811791392,0.01862095402670007,0.17564870259481039,0.4462497215245611,0.026345708816696664,127.82373071005532,135.0,8.0,126.2720963420401,129.1969154818245,155.64642522855112,0.06658311726660429,10.127591706542187,VISp,-4.173733255635662,-3.7009429287693836,-3.69601494553025,direction,untuned
799864342,951095915,VISp,2.05505888822663,15.774519194398387,0.22203128408764614,True,0.7683335836341872,0.053239526724134484,0.7150940569100528,0.001996007984031936,0.19167159211397236,0.04936212410698412,0.14230946800698824,0.001996007984031936,0.9350515514085436,0.15133346948160853,2.8729349918161144,180.0,2.0,2.748568339983957,2.9826375637753526,6.21223873450593,0.461330116169817,7.949790794981349,VISp,-8.785651299942407,-3.0113156277222726,-2.697932216101524,direction,orientation
799864342,951096002,VISp,0.938085398982677,2.2818018309141004,0.5123800411851305,True,0.4640706227006306,0.09326358640861769,0.3708070362920129,0.001996007984031936,0.7108041378766142,0.0944162100659193,0.616387927810695,0.001996007984031936,0.7328143271177089,0.9306358434633948,143.57622713627745,315.0,1.0,142.0181190195356,145.61186702526123,100.95624421649656,0.19813416544740747,1.0587238848111697,VISp,-1.951815264609254,-1.6072326344285717,-1.1972676883644326,direction,untuned
799864342,951096043,VISp,1.03764458220139,0.6968358969437661,0.7002537701537164,False,0.4956391718344929,0.0704548937648404,0.42518427806965253,0.001996007984031936,0.42991909828534797,0.07200877256154342,0.35791032572380455,0.001996007984031936,0.7662329688902656,0.5572516552341823,138.0189049576431,315.0,1.0,136.82621390384492,138.99469302391722,164.4447960145952,0.14857448299571918,1.6546215290993138,VISp,-0.829526125445393,-0.7255769710085656,-0.6955386881312866,direction,untuned
799864342,951096064,VISp,3.59312182972958,15.528493960662612,0.6831754301627266,True,0.3867141705158693,0.031211662587584232,0.3555025079282851,0.001996007984031936,0.06633279353856729,0.02944792960241173,0.03688486393615556,0.027944111776447105,0.5820412541466115,0.0747036490901631,111.32409206710417,90.0,2.0,113.22375714464707,109.4609950981035,107.63140536225862,0.20915499024303372,8.88857519292648,VISp,-8.72738047352615,-5.986440000526503,-5.883167203613149,direction,untuned
799864342,951096165,VISp,1.13205253769006,1.8923960764925145,0.034158605235836796,True,0.6215489681336817,0.07866690658234132,0.5428820615513403,0.001996007984031936,0.23357327540636388,0.07498610358597396,0.15858717182038992,0.001996007984031936,0.9169556992954286,0.3545226374433329,173.06953187832397,180.0,1.0,169.51873696346556,175.5710494694502,160.48254931466812,0.2559892505232127,3.1311063552620646,VISp,-1.988057264877019,-1.5442960788594438,-1.5149604140275128,direction,orientation
799864342,951096198,VISp,0.988754748109038,1.502977930450164,0.3074279721978956,True,0.34730564789503404,0.06129066792334747,0.28601497997168657,0.001996007984031936,0.3049923312156211,0.056790519308938095,0.248201811906683,0.001996007984031936,0.6146767048299885,0.5068482430197486,100.66223017783112,90.0,4.0,98.22019005283809,104.82503398543939,94.5243218760661,0.47534284525379067,4.526632787503505,VISp,-1.6279191578273182,-1.4745807528946318,-1.3944083995911272,direction,untuned
799864342,951096244,VISp,0.24866381133177,0.635351317562465,0.03415860523582884,False,0.4364160423012015,0.0982738132615313,0.33814222903967023,0.001996007984031936,0.4724382639030101,0.10040750225406844,0.37203076164894167,0.001996007984031936,0.7064213921497715,0.589745141570997,25.876713585729295,225.0,4.0,33.307324613844564,21.6320691486942,70.53136512245524,0.22112555425767366,0.569358178053657,VISp,-1.039868480360943,-0.9567153838898665,-0.8959371311987608,direction,untuned
799864342,951096257,VISp,0.399079661048841,0.26643729588166803,0.08539642558105082,False,0.10290229995977625,0.10329385326231816,-0.000391553302541911,0.500998003992016,0.2403105861616987,0.10401821109921236,0.13629237506248634,0.029940119760479042,0.3448286477855391,0.4716969458307406,34.099313809091804,45.0,1.0,26.986349801390137,58.28223200326917,78.89349632703791,0.14041463213561642,1.039902126858396,VISp,-0.7246471301278439,-0.7243997698078544,-0.7147191828563435,direction,untuned
799864342,951096290,VISp,0.411910901030932,0.4235669149713772,0.40990492554587554,False,0.2148187126175482,0.11107734206254577,0.10374137055500243,0.0658682634730539,0.22825393833621382,0.10846606506057604,0.11978787327563778,0.03792415169660679,0.4090918128812813,0.3052616931288179,33.642726070829276,225.0,8.0,19.90291307895619,39.847451116543965,86.42768659664905,0.3050848735483725,1.4257481648792063,VISp,-0.981487074074993,-0.9582823281801985,-0.9572965292246576,direction,untuned
799864342,951096339,VISp,2.37181256428088,22.18950868826124,0.8710444335424457,True,0.9007012779920139,0.05313828508070341,0.8475629929113105,0.001996007984031936,0.08394666838864594,0.05474087373288604,0.029205794655759898,0.19560878243512975,0.9669947551151132,0.07478563412095265,136.55275917592843,135.0,8.0,136.3303679575577,136.76580030504905,135.85473355482287,0.5052904967872749,9.970224248630064,VISp,-13.787353191144073,-2.437440029688296,-2.4185804235497312,direction,untuned
799864342,951096359,VISp,2.08568527854885,5.055493387887809,1.7933374513218492,True,0.28476006332317716,0.03384672567765477,0.25091333764552237,0.001996007984031936,0.0875873754643435,0.034040656635044866,0.05354671882929864,0.013972055888223553,0.5905432900735592,0.13584158599168047,127.06847533711591,135.0,1.0,125.09497015483569,129.89955601039813,150.9135710686148,0.15907848596733692,3.9452870568553147,VISp,-4.208577381681443,-3.773561749028275,-3.7645351831917027,direction,untuned
799864342,951096441,VISp,0.639314190640551,1.4073417467349358,0.3928236976918325,True,0.5931296382368854,0.07330459305760845,0.519825045179277,0.001996007984031936,0.06989590474580956,0.07636176888558624,-0.006465864139776678,0.5329341317365269,0.8600457060791036,0.03517549292846749,172.59753008061915,0.0,1.0,172.52418902540063,172.66519912121956,175.41714636509914,0.5869950909511928,1.806770635222373,VISp,-2.0012280683070918,-1.5996983777309275,-1.6114856633222945,orientation,untuned
799864342,951096906,VISp,3.12445376498224,9.537100434679324,1.2809473463472865,True,0.45105280519816215,0.03362882316951357,0.4174239820286486,0.001996007984031936,0.06785886431954781,0.03442407341927905,0.03343479090026876,0.07584830339321358,0.692120869475634,0.14802670150406855,69.7177660483805,270.0,15.0,71.95748675309265,67.81025074774894,9.44672983099808,0.32742218820641833,7.5789273488034326,VISp,-5.9268122553410265,-3.88172769694001,-3.833399860901781,direction,untuned
799864342,951096915,VISp,2.0089788147143,3.4500205293064536,3.3817085692989406,False,0.32424086755912296,0.048919758978909024,0.2753211085802139,0.001996007984031936,0.0822389972814244,0.04730371246224814,0.034935284819176265,0.1377245508982036,0.5349541577170419,0.11602020190074955,36.63720550180231,225.0,15.0,38.8045598508218,34.99470268339946,69.1311216017508,0.19035093489861657,3.990212685866522,VISp,-3.5566933949948214,-3.1973586871387374,-3.1866468726390367,direction,untuned
799864342,951096925,VISp,1.41162371540205,4.160525538928386,0.3586652674775361,True,0.33488903814735105,0.04688709056498573,0.2880019475823653,0.001996007984031936,0.12360747177134383,0.04719653819461685,0.07641093357672699,0.007984031936127744,0.42455963320990403,0.3124999061064093,118.27557885576951,270.0,15.0,117.65745136646598,118.8111099786907,108.56146440308417,0.2153692515800425,4.695562435500493,VISp,-4.2877434033110084,-3.698418428630828,-3.614285819845621,direction,orientation
799864342,951096934,VISp,0.553241858205938,1.550809218875943,0.5465373337472751,True,0.5114032867980083,0.08698509261037315,0.42441819418763516,0.001996007984031936,0.5321010840872067,0.08159381759294133,0.45050726649426537,0.001996007984031936,0.8760337975783812,0.9568965679080107,28.22053681665534,45.0,1.0,28.663941304417985,27.856543912224872,6.865442889443456,0.23801674664719655,1.086040632899541,VISp,-1.6948781892725322,-1.4814635981470592,-1.2558946215084776,direction,untuned
799864342,951096942,VISp,0.509222275785625,0.32109130931339713,0.06831721047345919,False,0.26705477542706135,0.07966036133300047,0.18739441409406088,0.001996007984031936,0.19143352643157158,0.08329866204577015,0.10813486438580143,0.03592814371257485,0.37226169489880884,0.2368413051413132,156.13689985142983,315.0,1.0,163.99750795646904,150.66433347694513,104.96371146429549,0.2421979522508245,0.5582137161084659,VISp,-0.7108032242052629,-0.6764953589428122,-0.6812395072873186,orientation,untuned
799864342,951096951,VISp,0.552679906089934,1.304860540353112,0.05123799536586755,True,0.27141595624237513,0.05032926298718469,0.22108669325519045,0.001996007984031936,0.12391141765238393,0.04924711409402131,0.07466430355836262,0.013972055888223553,0.5403221356874737,0.14371143322638139,57.543989436219164,225.0,2.0,62.45965248835304,55.78211187490418,7.484600862434355,0.1632637086125503,0.9224039558769671,VISp,-2.069419300912029,-1.9621126984817878,-1.948887053976382,direction,untuned
799864342,951096969,VISp,0.658607879956688,1.5781333727176905,0.13663477099001697,True,0.45108877454869906,0.08679236267132634,0.3642964118773727,0.001996007984031936,0.5308135221210813,0.09053208434540902,0.4402814377756723,0.001996007984031936,0.6954139381826666,0.7368418092246092,168.45745765495298,180.0,1.0,167.02887093827331,169.46366717612878,164.08521542564594,0.26358907603499054,1.0174971472045549,VISp,-1.6009321272349033,-1.349905134745613,-1.2224742556759192,direction,untuned
799864342,951097051,VISp,0.666381550894743,1.2843669874582964,0.2220318966581379,True,0.11387870991024579,0.05974677861743161,0.05413193129281418,0.06786427145708583,0.2130311405918822,0.055412851997519996,0.1576182885943622,0.001996007984031936,0.31239170762961715,0.4351149690038347,160.62731918097276,315.0,15.0,164.45657163591702,149.22191471041629,102.43316993743551,0.27640371561826105,0.802139037433699,VISp,-2.3429646467936824,-2.3466310763208664,-2.337135847387507,untuned,untuned
799864342,951097066,VISp,0.836465724671954,1.6464507582641976,0.37574597026785095,True,0.214311176423093,0.04415774125842705,0.17015343516466594,0.001996007984031936,0.16160154175654903,0.043487271557193424,0.11811427019935561,0.001996007984031936,0.3850581120298297,0.19012373327927193,116.8797605677972,135.0,4.0,119.99094187969229,111.04481674526676,105.78612368831214,0.1641809474492166,0.7317759639736656,VISp,-2.2416508474505887,-2.162490174060329,-2.1281167811821833,direction,untuned
799864342,951097075,VISp,0.373885474514661,1.9675414025662592,0.08539686313984296,True,0.5954663206537985,0.07147318010593687,0.5239931405478616,0.001996007984031936,0.1657814707004491,0.07283181978987344,0.09294965091057567,0.023952095808383235,0.8256736425886747,0.24406030519170957,136.40323022186257,315.0,1.0,137.1339879704422,135.69189228438103,140.84936429546264,0.32922866355271946,0.44563279857417704,VISp,-2.085413367125242,-1.6275492861925849,-1.6134575495114287,direction,untuned
799864342,951099489,VISl,0.499666077577896,0.7856475704298985,0.3074274471252076,False,0.20552595473068555,0.0948255818854968,0.11070037284518874,0.031936127744510975,0.13234255864900582,0.0878593570675392,0.044483201581466625,0.2155688622754491,0.49350543056135177,0.2568295484678841,36.02862446254339,45.0,15.0,47.92782695928906,30.034122753979815,101.26007851963948,0.10074099651974254,0.497232385777109,higher visual,-1.9884662016792614,-1.9603211960686544,-1.9754302498230047,orientation,orientation
799864342,951099498,VISl,5.6968488912377,9.769363653917166,4.081964614727331,True,0.1987276156699038,0.04095283152824894,0.15777478414165486,0.001996007984031936,0.09204677048407163,0.04302404137885371,0.04902272910521792,0.027944111776447105,0.4285691843997546,0.14813292361852745,95.89184908326365,90.0,4.0,103.12416603832409,89.81324146966948,95.0252580328546,0.14827955731984632,6.7193675889355235,higher visual,-8.890821854527422,-8.474017888716926,-8.498165097960335,orientation,untuned
799864342,951099574,VISl,5.56984847864245,33.120305525354276,1.4517464107979658,True,0.5056374433030495,0.02940680536054085,0.47623063794250864,0.001996007984031936,0.024789985934023324,0.02906452705466782,-0.004274541120644494,0.590818363273453,0.6594219646190888,0.011159174759290996,151.1071980656866,135.0,8.0,151.26508598410751,150.96984159616213,150.50748792643566,0.31905486356138657,18.68428398623418,higher visual,-14.93032432399244,-5.527315741891531,-5.514748608035487,direction,untuned
799864342,951099583,VISl,3.11010523676274,4.283491897244846,2.1007522968384693,True,0.26986756119103333,0.04200534658109827,0.22786221460993505,0.001996007984031936,0.013082416877972115,0.04156773862579375,-0.028485321747821635,0.936127744510978,0.48051857208937065,0.008038505178589703,93.96523785743825,90.0,2.0,95.81290503319367,91.92679354498384,90.43975631075558,0.07745079191041362,5.533596837945794,higher visual,-4.393191164316849,-4.0557311380682695,-4.121003874830451,orientation,orientation
799864342,951099635,VISl,5.72045073782619,37.65645621708405,1.1784736308812989,True,0.45865651691395426,0.03000107713539201,0.42865543977856224,0.001996007984031936,0.045494399769982215,0.028920940109204107,0.016573459660778108,0.18562874251497005,0.6463543977790226,0.04029390604121931,78.3146567189975,90.0,2.0,78.2058748837716,78.41873613875805,78.907451297354,0.3282752674792733,27.76209297949055,higher visual,-14.597837677362051,-6.47169046926192,-6.429128728683227,direction,untuned
799864342,951099654,VISl,2.33002674376437,2.7190273573290913,2.374026826944662,False,0.16380005200599967,0.030403511033445626,0.13339654097255405,0.001996007984031936,0.009430453350468009,0.030518359155036992,-0.021087905804568985,0.936127744510978,0.3468688012476664,0.04874789772556502,52.43212021101384,225.0,1.0,58.00605629095014,49.35562055223125,7.620678668248612,0.19083431991905445,4.85926207683728,higher visual,-2.865295532830036,-2.7670546921034016,-2.778281462640935,orientation,untuned
799864342,951099665,VISl,6.22508069583738,7.952156378752443,6.524299201034607,False,0.12006011150007802,0.02247241561149641,0.0975876958885816,0.001996007984031936,0.008851412761616216,0.02126002102950001,-0.012408608267883795,0.9001996007984032,0.22429802896346052,0.01570605643641412,4.929865972414784,0.0,1.0,1.9193535416759315,8.681467396545681,2.62607824053604,0.10550414153724119,9.651958919745875,higher visual,-4.4324065295979285,-4.2492917361385665,-4.2693560846690435,orientation,untuned
799864342,951099675,VISl,2.05026993519357,2.6917133900001957,2.254470220916729,False,0.12901805534139932,0.04050707398975216,0.08851098135164716,0.003992015968063872,0.048579248842190684,0.04023215048629457,0.008347098355896115,0.37325349301397204,0.17788001824985164,0.02872105055156286,20.816516674477857,180.0,4.0,5.152342795117303,26.986141876900984,3.2569409465208103,0.04568812419779022,2.615062761506808,higher visual,-3.458156390640736,-3.3704062759260913,-3.397761547129837,orientation,untuned
799864342,951099727,VISl,4.95395267242835,6.66096190622924,6.695094940049916,False,0.14273825409826787,0.024117100840772975,0.1186211532574949,0.001996007984031936,0.027565934931831192,0.02449118420652803,0.0030747507253031624,0.41317365269461076,0.2922482986895967,0.0036027108293375703,2.6768658433446353,180.0,1.0,7.622090361860402,177.41472643780537,3.0604776196097965,0.12389933677073768,4.664321034611966,higher visual,-4.821876727906888,-4.643830536468141,-4.661752114501029,orientation,untuned
799864342,951099763,VISl,2.59882555213336,2.0085306786716437,1.6908591853244797,False,0.1256306321126392,0.0745878384536832,0.05104279365895599,0.1277445109780439,0.22438100661653143,0.07586833331567257,0.14851267330085888,0.003992015968063872,0.3706288800444832,0.3303180907808758,144.6155332933407,315.0,1.0,156.64945937528697,120.40154358665407,167.99224173791373,0.07758050622746236,3.195131228604884,higher visual,-3.539971653675122,-3.5891079122545273,-3.527013594171551,untuned,orientation
799864342,951099776,VISl,3.94516104701288,5.144295225012758,5.260431157231222,False,0.23235993217835693,0.03590655581330101,0.19645337636505592,0.001996007984031936,0.11490386558777738,0.03511773247117482,0.07978613311660256,0.003992015968063872,0.45577561496680075,0.11721058649338828,53.53336092618457,45.0,8.0,54.510885158063566,52.06041694195661,4.377995442364062,0.081639336440459,5.177824267783733,higher visual,-4.577540254704639,-4.280043996673147,-4.210835706202614,direction,untuned
799864342,951099805,VISl,2.38828209526455,1.2502069119301968,2.1349122147597224,False,0.078463753816979,0.08435791858760236,-0.005894164770623364,0.5449101796407185,0.08378210968783253,0.08407566318504256,-0.0002935534972100251,0.5029940119760479,0.18831145605776675,0.14375150029001194,60.780839843559505,225.0,8.0,78.98179186553118,45.54016115097404,94.81735459154679,0.06530029381998467,1.8868812347084056,higher visual,-3.257909812753924,-3.29708857911438,-3.3495379148706457,untuned,orientation
799864342,951099874,VISl,1.53749172062207,4.748052428990542,1.7079383129163224,True,0.4474935575224341,0.053464232637455686,0.3940293248849784,0.001996007984031936,0.3281757062057014,0.05536381141404451,0.2728118947916569,0.001996007984031936,0.7086661890148234,0.4344685770700604,72.17570873053788,270.0,1.0,70.43926640625021,74.37035818072425,49.89666797982344,0.07929656174150632,2.31507622812063,higher visual,-4.117146216220992,-3.382945656864794,-3.176799475420679,direction,untuned
799864342,951099937,VISl,13.6531999608384,12.754854595216417,17.369677804030268,False,0.08401738775238159,0.015417858783053287,0.0685995289693283,0.001996007984031936,0.01461629599863003,0.01564304104340267,-0.0010267450447726395,0.5389221556886228,0.163784060156833,0.03520905638057927,146.15135830291672,315.0,15.0,138.00823413892175,152.39137497041207,132.76030968479978,0.002731390324299493,11.231884057976139,higher visual,-4.470046549519955,-4.324026489367353,-4.326943532277275,orientation,untuned
799864342,951099963,VISl,21.4235460013726,14.298818931042472,23.58653879400907,False,0.04296046954581271,0.01631113386090101,0.0266493356849117,0.005988023952095809,0.029289513553751288,0.015323690791548598,0.013965822762202689,0.08383233532934131,0.018985499486141203,0.08221359159839788,142.49587955788277,270.0,15.0,131.90779603466117,150.58772625866982,16.16684300606084,0.04349447886343363,26.117344998107104,higher visual,-4.865720797011794,-4.7489453969001065,-4.769645027706633,orientation,untuned
799864342,951100034,VISl,4.39659319207857,16.785584434831847,1.0930783429819235,True,0.4882465345616981,0.029178046255856332,0.45906848830584174,0.001996007984031936,0.025607533471487753,0.029015107038668116,-0.0034075735671803623,0.6047904191616766,0.6559393928381532,0.01487054747903045,22.59774089375054,45.0,2.0,22.982537194227515,22.237936997710413,22.419730767132652,0.4019586032932313,13.935961052341629,higher visual,-9.04547313853343,-4.182926822206521,-4.171740056098905,direction,untuned
799864342,951100044,VISl,6.0577136329261,6.374011489643621,3.757450164061214,True,0.1676970365870472,0.02617758971584106,0.14151944687120616,0.001996007984031936,0.02734682779567441,0.02627800685933218,0.0010688209363422276,0.45109780439121755,0.2931398256965558,0.04362400669180483,119.7331683313969,135.0,15.0,116.30355482640273,122.9999398633459,97.60172276475883,0.15725566556217715,8.733295689819727,higher visual,-4.178778770476756,-3.9251133880341493,-3.9365047092102126,orientation,untuned
799864342,951100054,VISl,9.4581590459759,15.234768705228078,7.788169870039551,True,0.12797948534435985,0.022001615698552787,0.10597786964580706,0.001996007984031936,0.06816321691962217,0.02003407549771084,0.048129141421911326,0.005988023952095809,0.23204362846487853,0.11138783125632815,63.64553134724328,225.0,1.0,64.24364011657065,63.04087616955837,52.844909671515964,0.08837986215817065,11.029550159986561,higher visual,-5.520781235025372,-5.072586360373111,-4.9999862817680905,direction,untuned
799864342,951100068,VISl,15.2935282987389,25.6736985692222,10.230512419827958,True,0.1404894650420604,0.010363436794094898,0.1301260282479655,0.001996007984031936,0.01636446129480429,0.010035739270788512,0.006328722024015777,0.14770459081836326,0.28139201782104123,0.02300340030058839,125.26729896297184,135.0,2.0,125.33840102945501,125.20036911623387,119.98323901609956,0.09710160654380644,24.92260061920313,higher visual,-4.428946215369998,-3.6257470018788593,-3.6272333966845545,orientation,untuned
799864342,951100095,VISl,12.347980381246,33.37977944863364,10.162208161037414,True,0.3906627239740623,0.026072619899031528,0.3645901040750308,0.001996007984031936,0.07946478358046165,0.024400926302748066,0.05506385727771358,0.003992015968063872,0.6893409927228358,0.07906264643836422,85.26435731286158,90.0,1.0,86.78584560939,83.87362211032205,86.17599625359703,0.2423275049468129,28.472614342189672,higher visual,-10.9299760716216,-6.031695497925542,-5.915644189339689,direction,untuned
799864342,951100115,VISl,2.4521569340477,6.244221811407438,1.3834293753612956,True,0.389163146235519,0.04029582165913978,0.34886732457637926,0.001996007984031936,0.13654788524486433,0.039118831154108365,0.09742905409075597,0.001996007984031936,0.6793762549697373,0.23180826747976252,156.23586295549325,135.0,4.0,155.40658019565166,157.4356481104661,132.89648082885108,0.18520892646830653,5.848143668001394,higher visual,-5.55975042880653,-4.501664260136026,-4.428247122410417,direction,untuned
799864342,951100134,VISl,3.39557519073789,13.793287990596733,2.54482177840193,True,0.6098563835530338,0.04193943971119086,0.567916943841843,0.001996007984031936,0.2123302510694434,0.0411663150312714,0.17116393603817198,0.001996007984031936,0.9678363195617468,0.19255871703179306,53.55495811396999,45.0,2.0,54.118900358921465,53.04187919146144,55.71076663028767,0.48948072548073773,11.198945981558783,higher visual,-7.851952378077641,-3.8127999205524206,-3.498224825070151,direction,untuned
799864342,951100154,VISl,2.99162771321334,5.779649098058,1.8104056400173847,True,0.23465360378778496,0.03938802525196981,0.19526557853581517,0.001996007984031936,0.08428775215753329,0.04118938251736859,0.043098369640164697,0.05389221556886228,0.4224458720943618,0.11462373873507885,60.51724179990892,225.0,1.0,58.64508050385701,62.761176769657425,27.859905568688845,0.25350669569455697,5.139968167775929,higher visual,-5.611943030865583,-5.259774830404923,-5.2321430532761966,direction,untuned
799864342,951100163,VISl,3.32130430048123,8.970058241860686,4.372302520489664,True,0.3340231991361602,0.030038096668354355,0.30398510246780586,0.001996007984031936,0.05623726591591297,0.026867200687761494,0.029370065228151478,0.09181636726546906,0.5057334661448702,0.1318956552172965,64.33706420710054,225.0,2.0,62.2202083752791,66.34120184953645,115.74049972085878,0.09311569640542716,5.322415557831168,higher visual,-5.28086389175673,-4.129335098437927,-4.1081415670870935,direction,untuned
799864342,951100172,VISl,10.1263160839217,15.753952656714365,10.196354602208205,True,0.21823475310621365,0.027694814936178105,0.19053993817003556,0.001996007984031936,0.03190466550512286,0.027989355328092845,0.003915310177030014,0.405189620758483,0.3958820183403407,0.042730487991317186,75.61135763245856,90.0,1.0,76.15705464014856,75.05777005658625,87.07670759356354,0.09731999066413081,11.010728402030518,higher visual,-8.53931491439479,-7.596455060758987,-7.648713147450633,orientation,untuned
799864342,951100199,VISl,3.62653611806817,4.324483658733999,2.2032289876705864,True,0.10355512050576338,0.03518815204572092,0.06836696846004245,0.003992015968063872,0.06906296882333121,0.037207661883564266,0.031855306939766945,0.08383233532934131,0.32426595296356936,0.2011379563105265,87.75779649159168,90.0,1.0,99.75975025588042,77.83721495755435,14.360278988797978,0.08314174487054748,6.076210092689646,higher visual,-4.545409283908072,-4.432653319079471,-4.425747509593758,direction,untuned
799864342,951100216,VISl,3.81581918138306,5.151126771178119,2.1861523103723894,True,0.12880507569580774,0.03258546117927484,0.0962196145165329,0.001996007984031936,0.012082146118131824,0.03345318672280568,-0.021371040604673854,0.9101796407185628,0.25249130349046733,0.006675927422531604,45.9096547403625,45.0,15.0,49.74571080680869,41.72027464154183,123.32497237092349,0.09108972977704098,5.373592630502404,higher visual,-4.994800078668291,-4.913679097364541,-4.911985256178798,direction,untuned
799864342,951100235,VISl,4.43443107311727,4.426976521632015,10.367158829752865,False,0.07175700092889666,0.021491513688808764,0.05026548724008789,0.001996007984031936,0.04744421627233668,0.02179787684658018,0.025646339425756497,0.04590818363273453,0.12500076750327038,0.10769403839764029,15.205276599733077,45.0,1.0,9.618257409609962,24.257829134503663,76.15358501864236,0.1728577931205787,4.051383399207826,higher visual,-3.3834773871051844,-3.353016673403828,-3.3445945239505948,direction,untuned
799864342,951100244,VISl,1.77219897280768,4.9256941882244885,1.0930761551897628,True,0.16570334058837685,0.052912688044689994,0.11279065254368686,0.003992015968063872,0.19570599121753915,0.05082446254486331,0.14488152867267584,0.001996007984031936,0.35082012965072745,0.32051416936387495,26.80777095844646,45.0,1.0,25.88024145103633,27.63841291435268,178.80916130399896,0.06492294229246508,2.7589094631070856,higher visual,-5.383635163063134,-5.2441188111789785,-5.173581922682191,direction,untuned
799864342,951100255,VISl,1.54582729342515,1.1477268957859388,0.6148547192440622,True,0.14815655291509766,0.04753758530423195,0.10061896761086571,0.001996007984031936,0.166704809470166,0.05013020950545875,0.11657459996470725,0.003992015968063872,0.17277184584828012,0.07692177072995314,59.99058645373152,90.0,1.0,57.83243341608442,62.81961599306515,76.91928398879051,0.35862464641656,4.9030679465474885,higher visual,-2.2442514511376137,-2.2153488279337816,-2.1686943865775987,direction,untuned
799864342,951100490,VISl,2.0940082778794,2.425261181954381,0.10247564069043597,True,0.5167341217031809,0.06792900111942338,0.44880512058375754,0.001996007984031936,0.04941331262426904,0.06902707471759494,-0.019613762093325895,0.7325349301397206,0.6416178029779599,0.04411728904226668,91.79837610299707,90.0,1.0,90.96259071536454,92.4892123243975,169.84229522398178,0.029728622935825164,2.3440471662245344,higher visual,-2.7195907094851712,-2.069196966813341,-2.1228403796591606,orientation,untuned
799864342,951100548,VISl,19.1354780959878,24.034025240408802,7.01959862688496,True,0.11534705033713065,0.02398596639137391,0.09136108394575673,0.001996007984031936,0.040649154787237164,0.022845352267090273,0.01780380252014689,0.1157684630738523,0.19497252432467424,0.1075068349457452,154.49816738728632,315.0,2.0,151.27710349977505,157.8356692157783,143.1441942451023,0.057792455415237774,29.64548246023337,higher visual,-8.758326284176016,-7.613919065916251,-7.575998920473992,direction,untuned
799864342,951100606,VISl,1.80600955462691,11.340702130153286,0.034158605236729596,True,0.9483470935684687,0.06700199059025529,0.8813451029782134,0.001996007984031936,0.05034126327493939,0.07039594370445043,-0.020054680429511043,0.7085828343313373,0.976778807227598,0.05063411846467816,134.92656998716006,135.0,2.0,135.01810879068506,134.83247520513288,134.35941888963367,0.5810830073268597,9.18861077510147,higher visual,-8.541451800668048,-2.1123549980073983,-2.1837188118856146,orientation,untuned
799864342,951100624,VISl,0.655044900952166,0.3825765886851346,0.32450587463717806,False,0.4186147031014515,0.1299212654142937,0.28869343768715783,0.001996007984031936,0.3890122617853483,0.1291174674007041,0.25989479438464425,0.001996007984031936,0.836064962380189,0.3999992442397877,101.25176368755287,270.0,1.0,96.49720119033567,103.79870718615831,90.75639209743474,0.31291070799061027,0.9991556431183602,higher visual,-0.8919128197226323,-0.8457805472015757,-0.827684045775424,direction,direction
799864342,951100928,VISl,0.673308234621836,2.64388595169855,0.23911111177198113,True,0.32612378579053247,0.045853399283923776,0.2802703865066087,0.001996007984031936,0.05060080667321767,0.044920644681574196,0.005680161991643472,0.42714570858283435,0.44672880882563465,0.09943341702461103,67.2163169839206,45.0,2.0,67.41596337694759,67.07055293330157,55.00517517685868,0.14564289178161857,1.6469038208176416,higher visual,-3.223553586048787,-2.893561053759259,-2.894204905983292,orientation,untuned
799864342,951100991,VISl,1.52587811357059,1.4893200890316867,1.2297119763054625,False,0.37410590253328835,0.04469524588439941,0.3294106566488889,0.001996007984031936,0.11644121892968429,0.046545440578841565,0.06989577835084272,0.017964071856287425,0.6515153131029654,0.2111120280364224,62.380817059201306,45.0,4.0,64.78587135681717,60.164459650989265,38.305979030161495,0.061114850185994586,1.199887069452278,higher visual,-1.9480109781372483,-1.7496027240777465,-1.7428583045642925,direction,untuned
799864342,951101002,VISl,4.00173055232817,10.821448660207555,3.1596779852831114,True,0.05292457493742399,0.015310237780067251,0.037614337157356736,0.001996007984031936,0.10457029515612942,0.015837536864184078,0.08873275829194535,0.001996007984031936,0.16277973419571387,0.2161225044171509,65.00423944395212,90.0,2.0,65.57745420939413,64.68773380192567,17.94000646071313,0.0439662238947954,9.152719665275924,higher visual,-3.951157660850721,-3.9146270542176738,-3.7328441257509652,direction,direction
799864342,951101025,VISl,0.587423737313695,1.6054545862843999,0.17079293867332915,True,0.2020359685067797,0.08408334880874414,0.11795261969803557,0.013972055888223553,0.4631622027956327,0.08475096106632188,0.37841124172931084,0.001996007984031936,0.47335362686378646,0.7216114840158793,129.34507489601037,315.0,2.0,106.00219270559033,133.49365863651957,168.94472152126843,0.21864514528032059,0.9677119196055608,higher visual,-1.7692905493923594,-1.5581787275277172,-1.4111430998740624,direction,untuned
799864342,951101082,VISl,0.215039046695192,0.06831759552498554,0.051237470303920896,False,0.10541184781269758,0.16996936033748786,-0.06455751252479028,0.7005988023952096,0.18034649244937015,0.18992438141432294,-0.009577888964952791,0.5409181636726547,0.2121240916263743,0.25000024020060946,9.217166167787141,180.0,1.0,2.8552718622942823,89.99999999999999,33.12048291082292,0.09062867609152885,0.23056653491456114,higher visual,-0.2097895578600677,-0.20677821353672504,-0.20893284895630856,orientation,untuned
799864342,951101128,VISl,0.603439276070175,1.8787273485697051,0.3415870149871457,True,0.5357195241276385,0.09330077002343021,0.4424187541042083,0.001996007984031936,0.07680794369574458,0.09035445197006498,-0.013546508274320399,0.5968063872255489,0.7770600401539635,0.06589214662406118,49.9490592411974,225.0,1.0,46.92673108668964,52.1770184043294,63.73451048758453,0.18549684401758168,1.501035196687968,higher visual,-2.805258829984728,-2.375616412316652,-2.419852518595819,orientation,untuned
799864342,951101281,LGd,4.01119236433113,3.2519213067828963,3.4329568910515817,False,0.04480494478175864,0.024525045626848548,0.020279899154910096,0.15169660678642716,0.01939769573452497,0.025949821828548915,-0.006552126094023943,0.6766467065868264,0.10313194839009435,0.029190199478445204,178.48347522089793,180.0,15.0,163.47278430818733,10.277584081336105,70.69686680934623,0.03162342036310698,4.004329004333527,LGd,-3.2067692555583234,-3.2129343703729667,-3.26095118755252,untuned,orientation
799864342,951101307,LGd,14.0061119390095,14.70870388708677,17.403825732907066,False,0.04172802047676334,0.018510025826044926,0.023217994650718415,0.029940119760479042,0.06523878001578906,0.018823514623090364,0.0464152653926987,0.001996007984031936,0.043117586236200905,0.15256913464684074,34.856874023171756,90.0,15.0,52.425058498711486,20.9236061081182,56.495161508187294,0.01103980934986014,15.4526632787564,LGd,-5.919988775369549,-5.906021570591422,-5.864890868792347,direction,direction
799864342,951101317,LGd,16.8240054821502,19.832533072154,19.265474968997392,False,0.030345582294295143,0.014045938834402978,0.016299643459892165,0.0658682634730539,0.011905234901211932,0.014459268131275984,-0.002554033230064052,0.624750499001996,0.06571191018045618,0.010794529523281087,47.66356351576682,45.0,8.0,53.731334411244305,40.14321766667742,57.79502879502327,0.012477587971112149,18.22887257670222,LGd,-6.159894832979092,-6.155514658020477,-6.214702845071839,orientation,orientation
799864342,951101326,LGd,17.8640795273052,18.91705021314303,19.760784983687692,False,0.04160509381539787,0.010589282275581105,0.031015811539816765,0.001996007984031936,0.005219986259429746,0.01100355557144313,-0.0057835693120133844,0.844311377245509,0.09176816970643328,0.01932512697723124,48.68972196697013,225.0,2.0,47.31693648107161,50.57434839984745,158.05124822395229,0.013731515437700806,17.49239254469897,LGd,-4.26062894552918,-4.222425579814388,-4.232391445558096,orientation,untuned
799864342,951101354,LGd,12.9118098099153,14.237333407031308,14.671144927387562,False,0.022046446027375616,0.02345663565099849,-0.0014101896236228748,0.5588822355289421,0.024475880803496587,0.022628579107511815,0.0018473016959847724,0.437125748502994,0.04828812626989258,0.012880073602610244,95.2215791110574,90.0,4.0,92.33403001087731,102.74551548844568,111.30290720365963,0.01740379289434323,12.308846983772582,LGd,-7.663551664660099,-7.673138649456453,-7.695764126212653,untuned,untuned
799864342,951101371,LGd,7.01733884135402,7.4056294764600334,6.5926143112440725,False,0.02645646187476664,0.024398658667576442,0.0020578032071901994,0.44510978043912175,0.03986876997592524,0.025221149330062247,0.014647620645862995,0.19161676646706588,0.06118677617562051,0.03781735294732916,17.862504917428673,0.0,15.0,65.26901703788492,5.631173061973655,78.96705617665674,0.020510846484824485,7.547524938830529,LGd,-5.450954489379176,-5.468290191043941,-5.532658503570187,untuned,untuned
799864342,951101378,LGd,14.0457293474832,15.56266688265176,14.688233768784162,False,0.014979640333037128,0.014177453359019036,0.0008021869740180917,0.469061876247505,0.025599761775479738,0.013860077724272663,0.011739684051207075,0.10578842315369262,0.033221282319373095,0.07099092654011818,43.97944920528234,90.0,4.0,42.777252007273134,44.807322955319144,179.8332239228395,0.016275754444609075,13.43507162251224,LGd,-4.809239273084012,-4.81559592798925,-4.8147434426376226,untuned,orientation
799864342,951101395,LGd,9.0135692059135,8.881247898437158,9.137436877142374,False,0.03325633096655005,0.022241560400848223,0.011014770565701826,0.19760479041916168,0.06538061829994962,0.021684795519087884,0.04369582278086174,0.001996007984031936,0.10803123475824954,0.10262949778154197,77.28489186982821,90.0,4.0,88.08731995634676,29.194996579174916,103.06619775170823,0.03325446823406059,10.314323357802861,LGd,-5.198036636843318,-5.212677375458653,-5.178415582840442,untuned,untuned
799864342,951101412,LGd,0.450589485028418,0.4713889272980666,0.5123803912175133,False,0.34144785008062134,0.14000165078993548,0.20144619929068586,0.00998003992015968,0.26351786964995894,0.15058447791286575,0.11293339173709319,0.0658682634730539,0.6626506038939716,0.40816187392783276,40.13618447323214,45.0,1.0,49.4403014476937,32.948904176809926,3.247382137365555,0.03144869553201175,0.3651343507159571,LGd,-1.0043333301342234,-0.9707208492511809,-0.9633259787494863,direction,untuned
799864342,951101420,LGd,3.87388947822602,5.868466337274467,3.1938399160098943,True,0.18888047729146298,0.038620474581597806,0.15026000270986517,0.001996007984031936,0.03312619314110797,0.041519729164240245,-0.008393536023132274,0.6447105788423154,0.33904815024532986,0.02751369520033808,95.46087770149576,270.0,8.0,94.90964295364343,96.17929736090333,95.67315029817452,0.03562338929719487,4.390175042350153,LGd,-5.550447858127924,-5.3050270389279115,-5.368947957928357,orientation,untuned
799864342,951101429,LGd,8.10087028020119,9.919681749057103,9.97432025519041,False,0.038563189721483766,0.017939259149324448,0.02062393057215932,0.029940119760479042,0.028036757651606764,0.016877728755071014,0.01115902889653575,0.16966067864271456,0.07178408568143368,0.02002190905515809,63.15636296936066,45.0,15.0,63.964952419711366,161.6973261935455,62.29961915566666,0.013605862458853805,8.860342555994025,LGd,-4.619633969814238,-4.626477283863172,-4.637601639162476,untuned,untuned
799864342,951101441,LGd,21.8899762252779,22.811154872797808,23.057089776575342,False,0.013083671947637345,0.010901883402567864,0.0021817885450694813,0.3652694610778443,0.01847848335185964,0.010680453228155671,0.007798030123703968,0.12974051896207583,0.04310961087538388,0.04621684797350534,71.47526667668551,270.0,15.0,45.88479973085024,82.79595450598354,70.30147973852905,0.008444799646481163,22.85902503294592,LGd,-4.723620037035522,-4.746495095945173,-4.754109296691192,untuned,untuned
799864342,951101450,LGd,8.3463483596565,8.744609242022994,7.378265469601604,False,0.05232660556566717,0.026104593801188836,0.026222011764478335,0.09381237524950099,0.013525929208384423,0.02785236656352428,-0.014326437355139856,0.8483033932135728,0.08704646992443849,0.07472678248536169,59.994408828308686,90.0,15.0,75.46022001575164,24.494911243429286,58.51284549951099,0.004073322594849838,9.109730848861947,LGd,-6.683994158162834,-6.7234415612248855,-6.753698446987852,untuned,untuned
799864342,951101504,LGd,16.1107048132713,17.803479857551338,15.166436302229766,False,0.040570199907062225,0.017691189558232002,0.022879010348830223,0.03792415169660679,0.033651944193220755,0.01898764741436501,0.014664296778855744,0.13572854291417166,0.10646204163497089,0.054847167416969496,92.65392055786326,90.0,15.0,87.70421893475132,97.98413041390508,92.0152655569455,0.025933799996566732,17.47600225861394,LGd,-6.938450395018057,-6.9583736681131,-6.940194622938994,untuned,untuned
799864342,951101532,LGd,7.09226538220264,8.478209295920623,6.404734719016585,False,0.01225151533679668,0.02051336068697189,-0.00826184535017521,0.7784431137724551,0.031891526023857364,0.018745555702269392,0.013145970321587971,0.1497005988023952,0.06798793155960556,0.0972591542930317,14.902655819047569,0.0,8.0,134.10852371753933,20.943701761923947,84.36005319428034,0.009982445172434618,7.731037078866286,LGd,-4.550711255131945,-4.573938413871903,-4.583745457993703,untuned,untuned
799864342,951101540,LGd,8.59594739885848,8.47817114091341,9.581499882870276,False,0.05741459394169092,0.021877666975697818,0.0355369269659931,0.011976047904191617,0.03602329009917321,0.022985960871208855,0.013037329227964356,0.1656686626746507,0.12028669193334189,0.04241930332962931,79.60573342006829,90.0,8.0,86.01743023231161,72.73912098165071,91.30130047875252,0.014359968504221885,10.431959345006318,LGd,-4.999370814009787,-4.945943951447819,-4.965357289628578,orientation,untuned
799864342,951101548,LGd,11.804957485229,14.60627326196545,10.281751902911493,False,0.03483348544165114,0.012986211931383575,0.02184727351026756,0.017964071856287425,0.00770548694765948,0.013457302402150432,-0.005751815454490952,0.8003992015968064,0.08652118238994932,0.03912603372391052,139.37396164824202,135.0,4.0,148.25014610900232,120.87045147263599,27.5675997735992,0.010013162589100674,12.67116774439338,LGd,-4.370400741646503,-4.349378507661455,-4.36125225873427,orientation,untuned
799864342,951101558,LGd,15.775783175678,17.058842215325154,15.559277414664445,False,0.08662760223999934,0.013432350423508273,0.07319525181649106,0.001996007984031936,0.01470692380354018,0.013634931424625796,0.001071992378914385,0.4550898203592814,0.17547214358948238,0.014011113907368743,96.59010775771709,270.0,1.0,97.18048845478528,96.06819957479273,126.78593301881051,0.010692324877723178,18.335349399839725,LGd,-4.84536082730021,-4.654566497140596,-4.6980033231184,orientation,untuned
799864342,951101566,LGd,12.5635887113213,15.323586155012213,12.860751889021767,False,0.046902326088581144,0.010441428739533302,0.03646089734904784,0.001996007984031936,0.030437432390961527,0.010587978313288407,0.01984945407767312,0.005988023952095809,0.11786732222264446,0.057270018956590396,141.64363384525706,315.0,1.0,147.12461409626098,129.90139267440185,112.25246183894014,0.026353152785918876,13.75832629702964,LGd,-3.7277379059265465,-3.6793172873433138,-3.6722199761358745,direction,untuned
799864342,951101585,LGd,12.4971850644943,13.233084519338455,11.904304291511675,False,0.024370422978136016,0.012359188999335004,0.012011233978801012,0.06786427145708583,0.011030149558423706,0.01228795714770654,-0.001257807589282834,0.5608782435129741,0.035552063573504114,0.04083961649316578,80.41717218127324,45.0,1.0,98.55235648194811,73.45200312245538,68.68855332094817,0.011333233465029489,13.711650668178056,LGd,-4.018140464790525,-4.002998610246103,-4.0283663639403695,orientation,untuned
799864342,951101594,LGd,14.1437894578188,16.25272934110701,14.876093233469046,False,0.16530811501599701,0.016679432288671813,0.1486286827273252,0.001996007984031936,0.023292841138171268,0.017410873096405446,0.005881968041765821,0.2874251497005988,0.23408248231517909,0.018625954313845318,113.10455282316268,135.0,8.0,110.41008110146497,116.06270013766375,118.66603376654558,0.06641374146900002,16.647903180415387,LGd,-5.541059474393154,-4.86488225821642,-4.903242705979814,orientation,untuned
799864342,951101613,LGd,8.04570561450139,8.560160369499176,6.063162318326547,False,0.14262334739895627,0.022494849090172776,0.1201284983087835,0.001996007984031936,0.021475846096873565,0.022938907556986677,-0.0014630614601131124,0.5548902195608783,0.2977713969867347,0.054714625359902985,102.76124959078557,270.0,1.0,101.2158602758139,104.553990553409,105.27734483425706,0.05790717152221256,10.057228633084083,LGd,-5.020125177228418,-4.7545559730706115,-4.780891678099147,orientation,untuned
799864342,951101622,LGd,9.23357226148028,11.716414408296865,8.625057536087468,False,0.09710928309309198,0.02318200691321537,0.07392727617987661,0.001996007984031936,0.017255570468893693,0.023782827797900107,-0.006527257329006414,0.6806387225548902,0.18993726172329364,0.052147842376663985,85.4247168540007,270.0,2.0,89.06568613467513,80.95297892975341,96.39153028691385,0.007573343626595013,10.135516657260327,LGd,-5.5270182164273125,-5.218070162500459,-5.255910863728189,orientation,untuned
799864342,951101632,LGd,10.4413880999601,12.7480182191324,8.915409356138372,False,0.0610771934143222,0.017098568079879452,0.04397862533444275,0.001996007984031936,0.03172237803412664,0.01708663859986008,0.014635739434266562,0.08383233532934131,0.1315953408057912,0.032935860859641224,126.57030742085385,315.0,15.0,134.94932913475634,109.87852010899253,137.7703752278423,0.017089127797724465,11.668372569092396,LGd,-4.887811231605104,-4.8372673032788995,-4.839129228537234,orientation,untuned
799864342,951101641,LGd,10.5951748250519,11.921360859364919,8.966641750731704,False,0.08532118586772533,0.018521189078630262,0.06679999678909507,0.001996007984031936,0.0412060484029091,0.01857690812076555,0.022629140282143547,0.041916167664670656,0.21222425544913726,0.09851999490449162,89.55892684665451,90.0,4.0,86.95896793413475,92.57890539057556,89.2337774551367,0.030633033540312632,12.365894974595136,LGd,-4.913870756407293,-4.849531002198626,-4.8632605708496035,orientation,untuned
799864342,951101658,LGd,7.06454256208865,7.207500219842971,5.482450539887731,False,0.05518508811885906,0.03569866115165347,0.019486426967205595,0.17365269461077845,0.036836480037031355,0.035714610129189625,0.00112186990784173,0.46107784431137727,0.1322799441990038,0.09667275310460896,160.14352964643888,0.0,15.0,138.60106251926658,2.311961627136999,128.78560725031906,0.049455088315307386,8.861056384278358,LGd,-7.690968403242318,-7.768021852344619,-7.852941253349302,untuned,untuned
799864342,951101720,LGd,10.8502060384654,13.03497147044728,13.287716777270367,False,0.06439011740906868,0.0219020409226268,0.04248807648644188,0.001996007984031936,0.010022736135698153,0.022253847557781932,-0.012231111422083779,0.874251497005988,0.12932878043224771,0.005534756246203037,142.8887023607522,135.0,2.0,157.40779250838293,138.5526832871803,45.268923277282134,0.0044816322578536015,12.925842273669696,LGd,-6.729009116172108,-6.66825182679044,-6.73551902611208,orientation,orientation
799864342,951101728,LGd,15.5184105078629,16.498630798023814,18.428583102473276,False,0.0314401383500476,0.019123059813856827,0.012317078536190774,0.15568862275449102,0.0342179789437931,0.01845465447978365,0.01576332446400945,0.09181636726546906,0.06540002307217457,0.06270708708489217,64.00690981342427,270.0,8.0,64.22089436788404,63.38861922448215,38.89236162872979,0.025699354572381546,16.61020139281598,LGd,-6.36781215412401,-6.237420886391391,-6.243251962891668,orientation,untuned
799864342,951101754,LGd,26.11536483826,22.196306139536567,25.345733129755942,False,0.015192817239300445,0.011767512313845228,0.0034253049254552165,0.31137724550898205,0.023080721227908857,0.01111080581523629,0.011969915412672567,0.059880239520958084,0.05461175042241464,0.058479618194303605,104.35768165900924,270.0,1.0,94.89662232616287,114.85589908775285,95.4650309164987,0.007119048171556802,25.96461509505953,LGd,-4.973184850198803,-4.9789380330976005,-4.992186875506304,untuned,untuned
799864342,951101789,LGd,8.9149471465215,18.01534897130462,5.4141396301675595,True,0.029424616439556146,0.016064415051361247,0.013360201388194898,0.08982035928143713,0.030234550765523237,0.015932131920266254,0.014302418845256983,0.0718562874251497,0.05829453609539005,0.01286720433473498,176.7808028660619,180.0,4.0,174.177181582436,177.68604533524308,55.270614052602106,0.03133484242594881,11.914172783742275,LGd,-5.614512837670596,-5.369127310853973,-5.357756548391945,direction,untuned
799864342,951101806,LGd,14.2064467776035,19.695891090390834,11.426064390757467,True,0.03320066453045389,0.021488626751761532,0.011712037778692355,0.1996007984031936,0.06508401913160358,0.021070323408070028,0.04401369572353356,0.001996007984031936,0.044185400045790746,0.18886678344243518,157.73680944986324,270.0,4.0,166.25594777559533,150.9241466168065,70.87604624278593,0.016717629289804185,17.42894786373718,LGd,-8.059225227928806,-7.8818621604227515,-7.770849253433501,direction,orientation
799864342,951101814,LGd,14.7427334937275,20.016941514943156,12.075077102547688,True,0.018197471245773544,0.020922375040882527,-0.002724903795108983,0.6027944111776448,0.043022735376591535,0.018935124888804215,0.02408761048778732,0.04790419161676647,0.06005556165749998,0.06545401846263554,71.26494367922405,90.0,1.0,108.64381917925749,44.87614479667832,14.759961236856043,0.07536094406935014,19.446557626478278,LGd,-8.914411652493193,-8.936565695221939,-8.988915177675803,untuned,untuned
799864342,951101822,LGd,20.61435186733,30.59945587106319,19.350895810207508,True,0.040714686015055346,0.01102641747849558,0.029688268536559766,0.001996007984031936,0.01224262296054079,0.011430438431579485,0.0008121845289613041,0.4530938123752495,0.1111408197928336,0.06024367656625722,3.83946360016993,0.0,8.0,6.109162605056345,0.8209352485715826,159.97456622069666,0.11515911780074381,26.649297478373683,LGd,-6.644063446940298,-6.55449809439118,-6.4893074578991685,direction,untuned
799864342,951101832,LGd,10.8469280023033,18.131405757954294,12.211726663010245,False,0.12382073946617167,0.01858511191592379,0.10523562755024787,0.001996007984031936,0.032451318915971784,0.017569652632937915,0.014881666283033869,0.08183632734530938,0.09862278534385997,0.05948062937376117,9.368365184811326,225.0,15.0,10.440216020084582,8.3956110670848,13.549293703435623,0.2384955103511285,19.099467478133867,LGd,-6.296399962962175,-5.564402484290926,-5.561792890649375,direction,untuned
799864342,951101841,LGd,8.72144935477993,18.71891038524328,5.157944840319343,True,0.13514405980541094,0.026318737562409298,0.10882532224300165,0.001996007984031936,0.003224686719970313,0.02625280553382437,-0.023028118813854057,0.9900199600798403,0.264273619921606,0.01594296916395932,46.49254565772913,225.0,15.0,49.91759512990473,39.982962638930644,86.66324934123864,0.05057814091002505,7.603990212691267,LGd,-10.699441530383398,-10.291356696878196,-10.474186740172701,orientation,untuned
799864342,951101881,LGd,9.73192741629969,10.090503444477964,6.353508275106068,True,0.08475332545138084,0.02766570287436909,0.05708762257701175,0.001996007984031936,0.12120116150843184,0.024436203331885398,0.09676495817654644,0.001996007984031936,0.1778336327096665,0.08963471020922241,164.46640780054682,180.0,2.0,157.32233461677248,170.0535034812073,116.42989103404398,0.19301615398335634,16.136598179945075,LGd,-6.0269863967912105,-5.916800688459363,-5.6847922301308556,direction,untuned
799864342,951101899,LGd,18.4024267233026,8.812935238808977,28.98360901037939,False,0.08639030988215668,0.025238379233787515,0.061151930648369164,0.003992015968063872,0.007258183161919539,0.025476829615643456,-0.018218646453723918,0.9301397205588823,0.16531109143447276,0.04622714295348536,117.33698288364886,315.0,1.0,125.1400549445527,102.93076535525853,176.75716105821348,0.14286467959148322,21.40547736782872,LGd,-6.157974413166801,-6.081603492830109,-6.112604291785213,orientation,untuned
799864342,951101908,LGd,12.315019912056,21.834198846490086,12.911966956451057,True,0.03923621095669879,0.01511349433285508,0.024122716623843708,0.005988023952095809,0.03136331248941548,0.015403378009082529,0.01595993448033295,0.06187624750499002,0.06630834289332814,0.02043351700984988,68.96582596629814,90.0,8.0,71.86177147638833,64.27799048723865,96.68683161594498,0.031402144524844196,10.930735930740784,LGd,-6.27878328234571,-6.224518375249875,-6.217549901403441,direction,untuned
799864342,951101935,LGd,9.13495020208827,8.9632185047954,9.615661025956747,False,0.24009191298729768,0.02553733389663601,0.21455457909066167,0.001996007984031936,0.059057615669525915,0.026120519443422068,0.03293709622610384,0.02594810379241517,0.45939718736824187,0.16003458163639794,101.80776516513016,90.0,1.0,102.95991147624845,101.05675797051526,174.97759208048694,0.11537475769790857,13.788512742489495,LGd,-4.464198924023888,-3.889635244810097,-3.8223418130483866,direction,untuned
799864342,951101943,LGd,17.0334251638221,27.866607550834747,15.61048670643914,True,0.08303271279416832,0.020621161778722787,0.062411551015445536,0.001996007984031936,0.008234685030430981,0.020366531394754223,-0.012131846364323242,0.8922155688622755,0.19234073456247544,0.038837884197790905,48.36958022284349,225.0,8.0,51.66508798144043,40.4815303121892,80.3679239205563,0.010701052070298015,17.607754564281837,LGd,-10.518125064514914,-10.169657965884113,-10.208298203778414,orientation,untuned
799864342,951101960,LGd,12.4776105056976,25.940184837268053,12.843652808803984,True,0.018673856052327006,0.015616012576470696,0.0030578434758563103,0.36127744510978044,0.11097176089406614,0.014659123795246188,0.09631263709881996,0.001996007984031936,0.10058208914373422,0.14869115840068284,168.85650555512782,180.0,15.0,166.0806605891636,172.90397015766078,120.60894642730872,0.0720691702738705,19.188782232266448,LGd,-6.480945467544034,-6.313669400849256,-5.820850072670841,direction,untuned
799864342,951101980,LGd,18.2203552290404,12.590870396815404,22.92047504562411,False,0.19819868507205876,0.03632435510877216,0.1618743299632866,0.001996007984031936,0.10915452855285918,0.035012134745479775,0.0741423938073794,0.003992015968063872,0.3603968899513866,0.11426903929233595,84.94201209904608,270.0,1.0,86.4374189647383,83.23270795106133,99.7785169846497,0.03289846731659145,12.220026350465709,LGd,-8.607173756432699,-7.804197358168098,-7.724202512555323,direction,untuned
799864342,951101988,LGd,9.74756833170185,12.782195165633569,10.45256313144001,False,0.15635756903731524,0.038357864610395906,0.11799970442691933,0.001996007984031936,0.40582829582276686,0.03850139386901066,0.3673269019537562,0.001996007984031936,0.4252527345064643,0.7016829786802492,19.033947743079047,45.0,1.0,15.074333867310173,24.39009175768984,18.670402653953836,0.0695155133275924,11.974534219645584,LGd,-7.528997456472848,-7.279890600613212,-5.44611993151792,direction,untuned
799864342,951102038,LGd,17.1126599807695,32.45088710630802,13.236467580485664,True,0.060181846995226156,0.016472229907890316,0.04370961708733584,0.001996007984031936,0.023868834444661664,0.016653203577246624,0.00721563086741504,0.249500998003992,0.04908859831714026,0.03553591099212829,36.7957296185116,180.0,15.0,44.49944312238736,27.333576309904096,82.43143592941037,0.037025365382226026,14.930359495582234,LGd,-9.439989747632591,-9.11705515572188,-9.190130938111327,orientation,untuned
799864342,951102047,LGd,1.69895931374257,0.5397099183068853,1.0247588572194084,False,0.053359038492665115,0.0469312910374806,0.006427747455184513,0.3972055888223553,0.038713808741759365,0.048082219152459665,-0.0093684104107003,0.6387225548902196,0.22008032090618704,0.26400019676926406,4.730676127836219,180.0,1.0,7.972224369261872,179.9994862628078,10.638581733067037,0.10500483398162386,1.792506656524601,LGd,-1.2460004490603125,-1.2586532036042106,-1.2526124786159636,untuned,untuned
799864342,951102064,LGd,5.53641576148095,2.9239857795596853,6.02899749981712,False,0.12798976042918978,0.03857813295377378,0.08941162747541599,0.001996007984031936,0.13590987609189814,0.04034020070857618,0.09556967538332196,0.001996007984031936,0.32713244011344506,0.19553078870143645,47.23016667410286,225.0,1.0,48.33049058649675,46.184399677759764,70.42513700362242,0.11012162878330263,10.718991153777186,LGd,-3.387078949455303,-3.3680690006929637,-3.3177782646093683,direction,untuned
799864342,951102091,LGd,10.3418294588075,13.280886019238784,14.688237094076856,False,0.056309736484401116,0.03605516134425205,0.020254575140149063,0.20958083832335328,0.5112005607543256,0.037321955196654856,0.47387860555767075,0.001996007984031936,0.312183115557145,0.8339621112751184,84.16491947576799,225.0,1.0,79.32698874137874,88.20402292525479,93.45915699810784,0.11742104023902791,15.052700922271105,LGd,-8.137759320076412,-7.994453072998023,-4.41971444228493,direction,untuned
799864342,951102099,LGd,7.03588316021405,7.43294512418162,8.0102109553222,False,0.05311037362544069,0.03193663220937494,0.021173741416065747,0.1377245508982036,0.13616291799426847,0.030946502039712213,0.10521641595455625,0.001996007984031936,0.12049605943423103,0.20888837240642016,35.39298437665592,180.0,1.0,34.620383852425284,36.089671024791464,172.12899021131778,0.01883215802207317,9.323887409665318,LGd,-5.214895159521982,-4.7231018483782155,-4.584273133928399,direction,untuned
799864342,951102124,LGd,13.9928124780089,18.00163410678131,20.95635279430712,False,0.028637281001605074,0.015609917603987559,0.013027363397617515,0.10778443113772455,0.0554811965345901,0.016387406382713444,0.03909379015187665,0.001996007984031936,0.05993559283201974,0.036586345660401795,30.353325069076387,45.0,4.0,6.9786570642982495,40.58515322989021,102.33871423746604,0.1884556558130676,18.774703557313263,LGd,-5.528798940842687,-5.028503981913307,-4.894798913211793,direction,untuned
799864342,951102140,LGd,9.34024892401351,11.12205320692057,10.110963689775831,False,0.06758340466805379,0.03089100369662985,0.03669240097142394,0.02594810379241517,0.10262288127714841,0.0290343822475956,0.0735884990295528,0.005988023952095809,0.22107449924270942,0.25762927482679115,72.78344672997528,270.0,1.0,97.47371276592382,62.682405124380594,73.28338229142996,0.054762121480412464,8.234519104085647,LGd,-7.788967096978988,-7.802982449651725,-7.698422325645145,untuned,untuned
799864342,951102150,LGd,12.9270760926132,18.514066603099238,12.689938210126456,False,0.08273850461942828,0.022268493222875014,0.060470011396553267,0.001996007984031936,0.12921329461243827,0.022724260311951336,0.10648903430048694,0.001996007984031936,0.2696200847514047,0.29603034774209225,4.5649506046317025,180.0,15.0,6.8303868584299146,2.9807886070620495,178.95562726259436,0.04267812326274352,16.75542031191193,LGd,-7.111631232447243,-6.900139711832286,-6.4336500586863306,direction,untuned
799864342,951102158,LGd,10.621492772525,7.993157626575766,19.12884824903904,False,0.18430843691434728,0.029144984819343238,0.15516345209500404,0.001996007984031936,0.06166833424989949,0.029554437229769775,0.03211389702012971,0.05588822355289421,0.33030340511428075,0.0748740863745841,171.22353647053427,180.0,1.0,168.9150060326659,173.47847538512522,95.08929285537944,0.010358602666871003,10.650437428683619,LGd,-4.970853964216949,-4.568850526138311,-4.530305847515923,direction,untuned
799864342,951102202,LGd,12.5611535987438,11.736942020451778,15.644682941379044,False,0.06856554752363284,0.03208517559836663,0.03648037192526621,0.03992015968063872,0.27058315545350176,0.031544900121046784,0.23903825533245499,0.001996007984031936,0.28665096423825914,0.5797708813872857,75.74298246321504,45.0,1.0,70.47812414952932,77.85372920422311,34.40330282933338,0.02875265317177623,12.016665106266275,LGd,-6.995884781729463,-6.976836842863636,-5.871318062799752,direction,untuned
799864342,951102211,LGd,6.81578644647122,4.87104136527565,9.103269608330631,False,0.09318478957431117,0.031011512469917457,0.062173277104393715,0.003992015968063872,0.04755528340209186,0.03427767151192027,0.013277611890171584,0.24550898203592814,0.20796497369968656,0.12460575746269992,162.10957539601995,180.0,1.0,161.07845832566755,165.62138531466897,172.9781006461601,0.04654182383889194,7.849942944086023,LGd,-4.4666206492971385,-4.427204678567394,-4.439798627795002,orientation,untuned
799864342,951102219,LGd,11.2863721643805,17.84448124485287,7.3953433720011645,True,0.1315422281417099,0.026967680746664807,0.1045745473950451,0.001996007984031936,0.04680138563520791,0.026431137402092214,0.020370248233115694,0.15568862275449102,0.19871411402966002,0.06612095439324171,20.915793286380385,225.0,1.0,13.794976320696302,28.50037713025896,3.9663291508310827,0.04219148724473097,10.445987067330362,LGd,-10.606135133830891,-10.166221395171034,-10.198599318717749,orientation,untuned
799864342,951102227,LGd,55.7283942615099,64.09531828838104,66.74589468041617,False,0.0489529942120794,0.022465942720062446,0.026487051492016956,0.04590818363273453,0.026380156682361933,0.023169097843254736,0.003211058839107196,0.4091816367265469,0.09073846400803687,0.06353827866676823,64.53389908415484,270.0,4.0,62.59794909136673,67.10025135587114,41.79682522409623,0.0066891841670389295,82.83868551634835,LGd,-34.561050510546394,-34.47268933743078,-34.82454292408049,orientation,untuned
799864342,951102240,LGd,24.0310021300273,26.520850461949546,32.09204462459841,False,0.04287895681469648,0.016790107465278037,0.026088849349418443,0.015968063872255488,0.0942490621242255,0.01599891389097769,0.0782501482332478,0.001996007984031936,0.08579964955750627,0.22809182000582484,128.80138889437515,180.0,1.0,129.90535015738936,127.2715225859232,109.23990108871689,0.04237069159169549,27.371235575571625,LGd,-6.985512527946833,-6.747807393011857,-6.420034078893513,direction,untuned
799864342,951102245,LGd,12.0747866904601,11.935029901755337,20.375644253462536,False,0.16349225113918145,0.026341263719067042,0.13715098742011442,0.001996007984031936,0.04320152441176583,0.02599785208659733,0.0172036723251685,0.16167664670658682,0.31476767603756944,0.10639786491781138,108.80514162110373,270.0,2.0,112.41807581432127,103.81819215978997,147.7942692663985,0.1227053434476977,14.827393691267265,LGd,-7.1429564342272425,-6.697571413329628,-6.660753904179143,direction,untuned
799864342,951102254,LGd,3.38171576302662,2.8966613808221084,3.6720479627296934,False,0.08781840706252518,0.045657333041468934,0.04216107402105625,0.07385229540918163,0.05375304656804141,0.0484846922725365,0.005268354295504908,0.42714570858283435,0.15846988777477825,0.0059311985541821,143.56946988174434,315.0,1.0,145.1526293104203,142.28324193127597,125.9182921859525,0.08755449268488699,5.294500790919333,LGd,-4.3873254994643816,-4.385932487724494,-4.4242151537976575,orientation,untuned
799864342,951102259,LGd,21.4861221701038,21.062217937461714,31.630904241599037,False,0.13675976692831282,0.02197557114725423,0.11478419578105858,0.001996007984031936,0.0839484732323385,0.021816237526986436,0.06213223570535207,0.001996007984031936,0.2746234306154974,0.10859476127342234,98.89821231543813,270.0,2.0,103.38665603241358,94.27596700924764,137.21019942847096,0.10850399367247728,26.523681027268495,LGd,-7.8229678454240315,-7.111365285759803,-6.981575412057046,direction,untuned
799864342,951102265,LGd,13.7488329293705,17.653185704242418,20.59766451113906,False,0.17467454607486343,0.026883674254364123,0.14779087182049933,0.001996007984031936,0.05300051432976319,0.025415510614361196,0.02758500371540199,0.06187624750499002,0.38682221540750733,0.14260508729017404,83.21722995406982,270.0,2.0,86.2258730986092,80.68139202696976,120.91327320544386,0.06459396858066711,14.158667419540462,LGd,-8.809402996384927,-8.167850535736207,-8.157936661735048,direction,untuned
799864342,951102273,LGd,7.84761857213284,8.375725604004867,9.27406998547118,False,0.10189102735776209,0.03639656215488028,0.06549446520288181,0.005988023952095809,0.14165299129816686,0.03869118358631269,0.10296180771185418,0.001996007984031936,0.21929457231314622,0.19726676883164518,114.41568621161741,135.0,1.0,115.98177050771791,112.19230346527219,3.350560512699305,0.044848356817789974,9.751806770638183,LGd,-6.565878770535653,-6.434218344255473,-6.302308198001943,direction,untuned
799864342,951102281,LGd,12.8909240366538,14.080198747046754,18.05284938368367,False,0.07855779373757776,0.027678278834066476,0.05087951490351129,0.007984031936127744,0.02002509776197378,0.027745195955663837,-0.007720098193690055,0.6986027944111777,0.13272796530317008,0.003162308356698507,30.620890375872857,225.0,1.0,25.413010446373438,36.60747182157951,14.958882998482022,0.07862960741082017,11.41278906469836,LGd,-9.411644080835726,-9.278327338707996,-9.33214354083824,orientation,untuned
799864342,951102319,LGd,8.95634406034037,10.86926587679163,12.109233607585745,False,0.13843943265539413,0.02088210059714341,0.11755733205825072,0.001996007984031936,0.03478484470424758,0.019346729640509982,0.015438115063737597,0.12974051896207583,0.24857542270345181,0.001257835073483604,83.19036578655187,90.0,1.0,89.53570327827151,77.69121603847375,87.72860184635375,0.06343401920454753,11.51891586674559,LGd,-5.273385542782593,-4.943098875600933,-4.9641209202434124,orientation,untuned
799864342,951102334,LGd,11.362609919694,13.841083119783562,14.073347108049932,False,0.031588278036015445,0.024344596101380605,0.00724368193463484,0.2754491017964072,0.11131164514627588,0.02294982207260731,0.08836182307366858,0.001996007984031936,0.15936995085373606,0.22121711731447213,49.117073290677546,225.0,8.0,58.812425047979346,35.52358166354298,41.20620559233087,0.04463329194883536,13.109354413706644,LGd,-6.848392767422636,-6.84576847490777,-6.647364091465226,direction,untuned
799864342,951102350,LGd,9.51361020790201,11.333874189370341,11.272356092829094,False,0.08902182255153726,0.03677920466758813,0.05224261788394913,0.02594810379241517,0.06690930705237298,0.03711179046041567,0.029797516591957313,0.10778443113772455,0.24432837566565693,0.2061075820141588,129.05389334761867,135.0,1.0,136.20901542518112,115.26889039891634,6.265420385306046,0.06988982326770653,12.029288702934556,LGd,-8.785965996274308,-8.664692275009353,-8.726710853531156,orientation,untuned
799864342,951102365,LGd,8.98116347699647,8.696770602726154,13.048598752029983,False,0.1582850319724,0.03035175166691012,0.12793328030548987,0.001996007984031936,0.042950866485318866,0.03129195886456005,0.011658907620758815,0.25349301397205587,0.33054343002246617,0.06660985548744365,79.82995814348413,90.0,2.0,82.23522041981141,77.6123634078859,126.15407527495852,0.08072842807533456,12.19410067926774,LGd,-6.522532795813301,-6.213054168726055,-6.231616576426611,orientation,untuned
799864342,951102394,LGd,8.28050666188577,13.834264350066439,9.325311918910757,False,0.07644694218121274,0.023485849786542112,0.05296109239467063,0.003992015968063872,0.023292775061263416,0.024018772204055107,-0.0007259971427916907,0.5289421157684631,0.17801033011677833,0.09193892822478632,51.87262912357141,45.0,4.0,63.80938613467578,47.06403978787784,117.44752247023227,0.05397954061943628,8.682803264847928,LGd,-7.092640884761927,-6.919751917296796,-6.970206429584623,orientation,untuned
799864342,951103853,VISal,8.71358206799082,22.36029618371672,4.389379022770887,True,0.12458612948185631,0.01391423765901302,0.11067189182284329,0.001996007984031936,0.05079156477087024,0.013895561027550858,0.03689600374331938,0.001996007984031936,0.23778090810654415,0.012059814288105165,143.31643543342017,135.0,15.0,144.13109309575128,142.524568464464,127.25892374814413,0.1068632175954224,15.503330518814467,higher visual,-5.369522022389438,-4.848658843575753,-4.760738754326722,direction,untuned
799864342,951103863,VISal,1.10582208474964,1.9060585734372835,1.2297112762273021,True,0.3624278247587086,0.03795335091915413,0.32447447383955447,0.001996007984031936,0.030966970558294532,0.039534401347196,-0.008567430788901466,0.6447105788423154,0.6220946036885028,0.05283051350824753,136.85955114415026,135.0,1.0,137.23977879133184,136.40783974508068,155.288158962062,0.18002536326248214,1.25616451102684,higher visual,-2.1244245996988522,-1.8794201124910193,-1.8896276406838957,orientation,untuned
799864342,951103895,VISal,5.8018430324372,4.06488599480509,5.5678587795023615,False,0.2591448616951218,0.04498467094695734,0.21416019074816445,0.001996007984031936,0.06567610759474755,0.03998554866069261,0.025690558934054947,0.18363273453093812,0.48564348710476535,0.029412113561642535,43.3076567776619,45.0,1.0,46.98394870516344,40.15205581183448,64.99178920483811,0.05101366350409176,7.147562582347429,higher visual,-4.428474991509169,-4.119147932172491,-4.131094280456803,orientation,untuned
799864342,951103901,VISal,5.89035000881464,16.177534238142165,2.510657047386041,True,0.6064533757172907,0.042585790083775533,0.5638675856335152,0.001996007984031936,0.00968656904425872,0.04326012164439556,-0.03357355260013684,0.9660678642714571,0.8689813466934654,0.022673336420842728,81.17410633014674,270.0,4.0,81.43630577228882,80.95556009446527,80.68113546201816,0.44448861188325395,19.43346508564643,higher visual,-10.801022381011437,-5.735459926965872,-5.74448487093477,orientation,untuned
799864342,951103910,VISal,4.15626887904928,8.252725641383082,2.9205658234257674,True,0.5451156740636548,0.043106572227147935,0.5020091018365068,0.001996007984031936,0.06069874897915487,0.039565663366182585,0.021133085612972287,0.2714570858283433,0.7706112641674634,0.06338067849344384,88.05801674568542,270.0,1.0,88.38173910808011,87.7154336752728,90.057826662385,0.2084665728646753,6.018257105215495,higher visual,-5.532485834592189,-3.5643017285957583,-3.5869664158414607,orientation,untuned
799864342,951103929,VISal,1.56175008581352,4.385962077460057,0.836884515637373,True,0.6120996192748809,0.06288728111038688,0.549212338164494,0.001996007984031936,0.0797349229906218,0.06315042457117134,0.016584498419450464,0.3313373253493014,0.8021047526353199,0.10214458981468014,86.71328710888791,90.0,8.0,86.85341542464661,86.56015735691417,83.90653097273294,0.20903848081320645,3.990212685867937,higher visual,-3.9470166140050167,-2.7236146330660125,-2.7526232109891944,orientation,untuned
799864342,951103936,VISal,5.77664898307685,33.0382564380778,0.5636156737462306,True,0.7242044262924445,0.044714584293854595,0.67948984199859,0.001996007984031936,0.03861753678450142,0.04360484447030711,-0.004987307685805686,0.5948103792415169,0.9423634229319046,0.006033487816090064,91.6751371981392,270.0,4.0,92.37696513437703,91.04961672004598,95.57740560859042,0.47300389953072,28.077357425193338,higher visual,-17.816438065489564,-5.255584660496393,-5.154808445120579,direction,untuned
799864342,951103945,VISal,7.45116351286756,6.203207366872554,14.022154880946015,False,0.29322668196988616,0.041693564969399834,0.2515331170004863,0.001996007984031936,0.0416272312184622,0.041613128329952356,1.4102888509844036e-05,0.500998003992016,0.5461894062064013,0.055199236766638356,43.987529364480395,225.0,2.0,45.57371932714925,42.38080517371567,37.15878789458835,0.07651356329302622,8.594700870710128,higher visual,-5.537135857786113,-4.989416742668004,-5.023145362786925,orientation,direction
799864342,951103979,VISal,0.817261244306375,3.402212343727397,0.13663398339350294,True,0.3048059784461297,0.04935896649200217,0.25544701195412756,0.001996007984031936,0.3572711249758579,0.04980999049577214,0.3074611344800858,0.001996007984031936,0.7157633753225148,0.5987144896775429,173.84171274363388,0.0,1.0,171.37935780793762,177.24554085541257,76.78057682653275,0.042245371506317374,0.7716920760402132,higher visual,-3.0772099712169174,-2.85558311696441,-2.5720058221782827,direction,untuned
799864342,951104005,VISal,3.81731993988531,13.44485345059337,0.7856502832710113,True,0.6047007947750198,0.03653600048786709,0.5681647942871527,0.001996007984031936,0.00675141446652215,0.03941534718456395,-0.0326639327180418,0.9900199600798403,0.8163360636056645,0.007937916244643066,128.82389728120833,315.0,15.0,128.43512255727683,129.19261810334268,129.70361058871202,0.40741858966911476,13.505019232577675,higher visual,-7.500747580470675,-3.425186210980012,-3.4387919794653046,orientation,untuned
799864342,951104011,VISal,7.90540566676234,9.851366883850579,6.729251182475914,False,0.03613698005165168,0.020511011201815754,0.015625968849835928,0.11976047904191617,0.06489084957303598,0.0206235657951805,0.04426728377785548,0.001996007984031936,0.11158212141776994,0.13722462207300096,67.24934868585117,45.0,4.0,78.05501516384427,46.70731692143639,78.99935015737515,0.010283403006588756,8.449583372345078,higher visual,-4.911335055957561,-4.864736382897666,-4.825577465673885,direction,untuned
799864342,951104019,VISal,5.58062242058164,6.770250995158156,3.877003619705772,True,0.20499780529017475,0.025535634512471875,0.17946217077770288,0.001996007984031936,0.056407028226358416,0.02714654662914976,0.029260481597208655,0.0499001996007984,0.3768670955252018,0.003544792959141781,46.61920639431236,45.0,4.0,51.493315134464694,41.59532611326186,27.858728538063886,0.06997239237997063,6.394532347160406,higher visual,-4.172531289354468,-3.8242095279718002,-3.7983738401365437,direction,untuned
799864342,951104027,VISal,4.42366297170281,11.805281669683692,3.159668096572405,True,0.558915495040826,0.03577800246738939,0.5231374925734367,0.001996007984031936,0.050037517001566514,0.035084439222222465,0.01495307777934405,0.2714570858283433,0.8098986931688156,0.06273035886507902,16.126182612846964,180.0,15.0,15.534250655740857,16.70268085755714,21.02623798661313,0.240170528700512,6.989349562572563,higher visual,-7.462495212291287,-3.8540639909056322,-3.8576488914154416,orientation,untuned
799864342,951104053,VISal,6.86158529456494,11.16992527634946,8.334723218374227,False,0.14721378306481836,0.029650421340969207,0.11756336172384915,0.001996007984031936,0.16115351866787983,0.02761891069010667,0.13353460797777317,0.001996007984031936,0.29865211944551995,0.14136151533328362,176.21629933003322,180.0,1.0,177.48740720016664,174.8135131341898,171.22317798670764,0.054259465685645374,7.450551540511321,higher visual,-6.4969099514215305,-5.980168927520454,-5.6276617551362165,direction,untuned
799864342,951104060,VISal,1.38183272960076,3.5798243843542727,0.4953016136767589,True,0.2173975520211237,0.03002493553845203,0.18737261648267167,0.001996007984031936,0.003362825407915987,0.03170898085806226,-0.028346155450146272,0.9920159680638723,0.30999866972670626,0.04486431881579466,25.128277587246153,225.0,8.0,26.236870225213153,24.335995204520493,15.726736804935163,0.14656192334846704,2.4342290047767654,higher visual,-3.225720188384263,-2.969131612934446,-2.973030738669523,orientation,orientation
799864342,951104070,VISal,1.46443924088637,0.498716336558026,0.2732693669603071,False,0.3716319925459059,0.08544478773005669,0.2861872048158492,0.001996007984031936,0.12848472478027428,0.0829526684906082,0.045532056289666084,0.17764471057884232,0.6781595195926732,0.2166674395111294,99.86635529160041,270.0,2.0,92.44939789616593,103.87938015262567,115.84254021911737,0.07029772991895854,2.6362698189322575,higher visual,-1.0293243135901413,-0.9842879323830298,-0.9823960163526084,direction,orientation
799864342,951104102,VISal,0.413126214604105,1.5371318101649605,0.0,True,0.44031910966835325,0.11942956041527748,0.3208895492530758,0.001996007984031936,0.5977408767277903,0.10741332586021009,0.49032755086758023,0.001996007984031936,0.6949136711036038,0.7786547472632455,41.84811820561914,225.0,15.0,44.99994495363319,37.981784195122074,53.20296514570354,0.12234857369403401,0.8752117447773684,higher visual,-1.6543077305406477,-1.427882517030404,-1.242132343770995,direction,untuned
799864342,951104111,VISal,1.1914256576692,2.6848796733896583,0.9222852292512786,True,0.14649467527076096,0.05095431451020814,0.09554036076055282,0.005988023952095809,0.25376097538168946,0.05350843585094386,0.2002525395307456,0.001996007984031936,0.430392509470539,0.4914621093487213,37.66768502079102,45.0,1.0,43.09284989543685,34.01962155518152,53.81566100613073,0.11284909805554028,2.04216073781368,higher visual,-2.9985158168645807,-2.971961352497593,-2.844182728971905,direction,untuned
799864342,951104120,VISal,2.68892623470502,3.2792299533421727,0.853966268573042,True,0.28754363237364394,0.04597802016750687,0.24156561220613706,0.001996007984031936,0.06007316868593054,0.045454872260717136,0.014618296425213402,0.3153692614770459,0.5310992921430298,0.07865295193753555,96.42706960418775,270.0,1.0,100.06477495457682,93.6340511510839,145.95935565793388,0.022160772278198144,2.3913650321023145,higher visual,-3.2922242945369353,-3.011880584570693,-3.0362018971644,orientation,untuned
799864342,951104129,VISal,9.30924806773739,24.156985087188946,6.575533870871959,True,0.41565518273641705,0.026131247162498823,0.38952393557391823,0.001996007984031936,0.07742561728510457,0.024059877217985866,0.0533657400671187,0.005988023952095809,0.8001779331676426,0.10915851288202437,33.60531994910697,225.0,8.0,34.865669721004636,32.38603006420242,36.38130904050031,0.18280355752204866,11.141278906473971,higher visual,-9.591723009830526,-4.81905052289638,-4.7296116454001815,direction,untuned
799864342,951104135,VISal,7.31976109185428,10.999084188213654,4.577261765386222,True,0.17396365852719073,0.030240936637067894,0.14372272189012283,0.001996007984031936,0.029645751747344455,0.03043224912585462,-0.0007864973785101648,0.5289421157684631,0.2534043804642936,0.10881555691615627,70.79085916746165,270.0,8.0,70.73045186414964,70.85878245770805,30.500673526865345,0.10046046076010809,10.070368961584846,higher visual,-6.047938056976588,-5.021334232894221,-5.049995954703528,orientation,untuned
799864342,951104148,VISal,1.03005262031647,1.5029810807798634,0.700251582373148,True,0.39472479256869464,0.059280124530922726,0.3354446680377719,0.001996007984031936,0.13488542996340389,0.059746749957378595,0.07513868000602529,0.03992015968063872,0.6793892263552477,0.14882567794195223,72.84763500078002,90.0,1.0,71.0758819905054,74.7423880354795,65.76240313186048,0.15442599651264372,2.0139281008858525,higher visual,-2.388207475935739,-2.1593621591317933,-2.1360557070641226,direction,orientation
799864342,951104156,VISal,20.1279849590464,42.02201487813554,4.491863239528824,True,0.13326192100870013,0.015025044101493525,0.1182368769072066,0.001996007984031936,0.03769685132365278,0.01519077078158344,0.022506080542069342,0.01996007984031936,0.22664301521459962,0.05951204927576061,152.74649694383962,315.0,15.0,153.67376839466894,152.0863350784048,162.95425503185191,0.06853377812340196,29.74318414442557,higher visual,-8.328900650865553,-7.087658295442428,-7.0157322452585715,direction,untuned
799864342,951104162,VISal,3.4180551353382,4.508942612467331,0.7514915029814373,True,0.49565341924672407,0.0728595206441619,0.42279389860256217,0.001996007984031936,0.46581790103931836,0.0782590402597507,0.3875588607795677,0.001996007984031936,0.8803422470307425,0.6000002981042863,134.9227460227666,135.0,8.0,135.4873542517101,134.5513975662527,118.70255118941304,0.19250176352844556,1.9889295431108804,higher visual,-4.099192497695813,-3.4798737443581365,-3.0050472018354695,direction,orientation
799864342,951104185,VISal,8.22655955247476,9.742085005822071,11.835971066451714,False,0.33850373618658136,0.03360274386309332,0.30490099232348805,0.001996007984031936,0.2284379568853201,0.0330788373275194,0.1953591195578007,0.001996007984031936,0.5826869490107329,0.32466310845184143,18.054888538427022,180.0,1.0,18.967284229814766,17.19985000513577,21.053639632462506,0.19687600936251493,7.995506038764726,higher visual,-5.479200490456634,-4.426390371686649,-3.8085381854637674,direction,orientation
799864342,951104202,VISal,10.4292125370722,19.607041227817042,10.452548604520684,True,0.2932081031188063,0.01823524571760022,0.2749728574012061,0.001996007984031936,0.06905325338096727,0.01832461804455159,0.05072863533641568,0.001996007984031936,0.5482111263304557,0.024084802366777062,90.66325618410859,90.0,8.0,89.52678125947932,91.76583495395145,80.68251210586428,0.11172431626205648,12.817617165448315,higher visual,-5.661110880005554,-3.7154696811869163,-3.5769845006006653,direction,orientation
799864342,951104212,VISal,1.9185877366051,1.3936732639884575,1.4005051775115835,False,0.11931326323739008,0.04620790621015434,0.07310535702723575,0.007984031936127744,0.17372348409686933,0.04575901278055919,0.12796447131631014,0.001996007984031936,0.3599987497776164,0.3161314515552634,103.08793348814345,270.0,15.0,107.25442103708032,97.26770195255185,20.266249001476098,0.10255334580439353,2.218893362045533,higher visual,-2.201558566832607,-2.1876765860242755,-2.1440557968392056,direction,untuned
799864342,951104221,VISal,17.0519694826822,27.176685110798445,16.208278925172475,True,0.20776918439771613,0.014293157389467504,0.19347602700824862,0.001996007984031936,0.11947011290458245,0.01378946803141141,0.10568064487317104,0.001996007984031936,0.45023768373341155,0.0996551494449759,126.61131408503888,135.0,8.0,125.6601173604611,127.57315073702898,128.93016440248616,0.1596819332086409,26.939675391692894,higher visual,-5.966008540504504,-4.3497150490223735,-3.8380647777007915,direction,untuned
799864342,951104252,VISal,4.34246133305811,16.922214130218244,5.499536755807597,True,0.27363101402610895,0.024648572485771347,0.2489824415403376,0.001996007984031936,0.10177697094858514,0.02564331116805427,0.07613365978053087,0.001996007984031936,0.5254794369137553,0.18516825752282545,89.46817211885775,270.0,8.0,85.48772444482476,93.71959976387089,85.69945614488412,0.2560985116158908,4.333709768496165,higher visual,-7.312972872427838,-6.000880189992053,-5.890371286707875,direction,untuned
799864342,951104292,VISal,19.8677088877735,17.011078416377238,20.58060034803212,False,0.09238453075151588,0.02348745512078397,0.06889707563073191,0.001996007984031936,0.023260911754941497,0.023083367114171464,0.00017754464077003249,0.4930139720558882,0.023219996944967815,0.0022138793628433007,40.74197406934658,180.0,1.0,45.09182867871032,37.544780232638054,8.39014817537196,0.05826771226701811,28.14282997338318,higher visual,-7.440335872988311,-6.458290748986021,-6.553844698294455,orientation,untuned
799864342,951104322,VISal,3.37806309416025,2.404771619578237,2.2715454105449355,False,0.06320635782958015,0.03235352989492153,0.030852827934658614,0.07584830339321358,0.12516456255914207,0.03430064497507438,0.0908639175840677,0.001996007984031936,0.15884644637527998,0.24822734700008334,57.466806751532445,90.0,8.0,63.379443659528725,36.90482565093631,15.763813951352256,0.16665413170657392,3.6419810879141035,higher visual,-2.7898648916825945,-2.7951214390554258,-2.7680565253875433,untuned,untuned
799864342,951104333,VISal,5.42674203731377,25.373058982914536,0.5123793410899673,True,0.2406506554969035,0.03468985444375257,0.20596080105315095,0.001996007984031936,0.021080244173582202,0.03551262095820046,-0.014432376784618256,0.812375249500998,0.43162817908941903,0.028238660961750754,139.42099424104947,315.0,15.0,136.91754320621408,140.71796744479752,138.3836227892154,0.261207357144224,17.393751759081763,higher visual,-17.78725150491697,-16.021772191248058,-16.208237485904395,orientation,untuned
799864342,951104374,VISal,3.43069898910641,6.790742902964576,2.7326943697263877,True,0.10226126566415632,0.04440761829733926,0.05785364736681706,0.029940119760479042,0.08206750425003548,0.044758593388873065,0.03730891086116241,0.08782435129740519,0.24172440544624688,0.15246320987309744,126.61465150745248,315.0,8.0,121.28864003580415,130.8145256446117,97.14111583700638,0.13449129116432812,4.897269912750221,higher visual,-7.207116339238373,-7.139216658478341,-7.095953246101416,direction,untuned
799864342,951104435,VISal,8.7559155635703,12.085321534950923,7.480732446661294,True,0.1100503894673283,0.019024587555540113,0.09102580191178819,0.001996007984031936,0.05411252663013271,0.02032871599653644,0.03378381063359627,0.001996007984031936,0.20957014976066327,0.11714463475243525,111.65533798445429,90.0,8.0,103.25866432685541,118.17844149905707,103.63585279042513,0.07046085301611028,13.528473590395178,higher visual,-5.2626572020075395,-5.061335794994095,-5.046457656673525,direction,untuned
799864342,951104467,VISal,12.8355720546019,26.459336653440428,5.8411239458237105,True,0.0054121152761014485,0.01903302847001027,-0.013620913193908821,0.9680638722554891,0.039406001290122866,0.018230188578733784,0.021175812711389082,0.059880239520958084,0.056898374859549614,0.12669144177223618,82.05743743129433,135.0,8.0,59.526327122136145,140.84813522358698,3.6975826532114686,0.04932178455994803,13.547966874486672,higher visual,-9.38277696612797,-9.225409914961372,-9.269973533572017,orientation,untuned
799864342,951104487,VISal,4.74341198477432,7.193833732228249,3.3475476012484333,True,0.0773071939524078,0.037772578012556055,0.03953461593985175,0.03792415169660679,0.16721542582747656,0.036450376658993505,0.13076504916848306,0.001996007984031936,0.19252693181029076,0.1765376067916084,152.9248024940832,135.0,4.0,148.46401374727864,156.83020741170762,156.90688301106906,0.15994183335509166,15.469433330234624,higher visual,-6.005571212693544,-5.908370926799312,-5.7201089884568335,direction,untuned
799864342,951104522,VISal,7.84630735766799,5.157971198855245,3.262146537641768,True,0.11920433399357888,0.052979205042025614,0.06622512895155327,0.04790419161676647,0.10273921398902211,0.05687679229604789,0.04586242169297422,0.10578842315369262,0.2867494252534891,0.24587517263606007,139.32153599267832,315.0,1.0,132.87527688060976,163.6503031787239,159.42548427464163,0.1105604400263889,18.41444123942203,higher visual,-6.026078124672525,-5.783177304883862,-5.792228722791437,orientation,untuned
799864342,951104531,VISal,2.17118383744103,5.643005331220398,0.751488265070736,True,0.3500363638113579,0.05302163322028262,0.29701473059107525,0.001996007984031936,0.09131588003027175,0.052031705898550516,0.03928417413172123,0.13373253493013973,0.577086397703993,0.09767380560442014,109.93464330589565,90.0,8.0,104.56642489668003,113.59668583081769,126.71091467041244,0.07823908526844184,2.2303783173345133,higher visual,-7.128583968067039,-6.292244289341136,-6.328017884850183,orientation,untuned
799864342,951104543,VISal,15.8736559696615,28.693286017630303,11.11863781865127,True,0.038471783062625546,0.014101858297818484,0.024369924764807063,0.007984031936127744,0.025407638474822792,0.014543512929599683,0.010864125545223108,0.14570858283433133,0.07568186058245321,0.008646629539809148,56.994910568006105,45.0,15.0,57.34427901571684,55.50864366953814,31.62651812202118,0.014128027356912742,18.795169265886653,higher visual,-7.935489130273699,-7.893295672818485,-7.949982223607085,orientation,untuned
799864342,951104553,VISal,6.27163244355808,27.258726286279362,0.3245055245994661,True,0.16848560753670888,0.0163450466563262,0.1521405608803827,0.001996007984031936,0.05127099950691881,0.016360217509367787,0.03491078199755102,0.003992015968063872,0.42589297552504807,0.08837983156089527,4.571885024766299,0.0,15.0,7.9373459563189455,1.4801479380624971,170.1669669179705,0.14644463086042722,8.993207406721806,higher visual,-7.922292952988729,-6.087363471184965,-6.040924157872037,direction,untuned
799864342,951104562,VISal,9.84356796216415,15.84279047826757,5.157953766381583,True,0.04896996461225883,0.015779868080517574,0.03319009653174126,0.001996007984031936,0.024306682897833328,0.015622990478878085,0.008683692418955244,0.20359281437125748,0.12409096924380195,0.05577143848312268,48.76534068970996,45.0,15.0,52.06469854001781,39.39729022705757,176.30478592996386,0.020085184631984374,12.528527957403709,higher visual,-5.2646124543545785,-5.2296178564854205,-5.256617685845482,orientation,untuned
799864342,951104588,VISal,0.172892993008202,0.6216889256193123,0.0,False,0.29504052973522626,0.09513884320813877,0.1999016865270875,0.001996007984031936,0.5624792860606725,0.09664326815483965,0.4658360179058329,0.001996007984031936,0.6621008002034667,0.7669891224666215,172.77814487935277,0.0,8.0,178.5689703389383,165.00930494794062,11.443026623916131,0.1666594102727002,0.4326740205402774,higher visual,-0.9702927007089247,-0.9416074180863419,-0.8354526892602312,direction,untuned
799864342,951104644,VISal,0.184319290487617,0.7173292048204731,0.1366338958876242,False,0.784846904931076,0.092478127023468,0.692368777907608,0.001996007984031936,0.25236273854950325,0.09324463655767826,0.159118101991825,0.007984031936127744,0.9534881836592792,0.2499983683174911,88.41979804766358,90.0,4.0,89.16982542319083,87.87056322666078,85.24328569392918,0.571735935412525,0.3905514775078972,higher visual,-0.8925988313823296,-0.6630414395184255,-0.673655334515612,orientation,untuned
799864342,951104697,VISal,7.13900081205697,12.727532646649486,3.672052863273898,True,0.1894083673428253,0.024133240501544164,0.16527512684128112,0.001996007984031936,0.08970052122286853,0.023636266818067093,0.06606425440480145,0.001996007984031936,0.20602123244137113,0.03099105343743126,162.63646238253236,135.0,15.0,167.8517830550813,159.0881234825945,157.33528272774518,0.12728123580212464,13.575881641396984,higher visual,-6.96827573871275,-6.1590425298351175,-6.025096356881699,direction,untuned
799864342,951104737,VISal,1.31720858811882,1.605453326106558,1.161398878885425,False,0.23062065347141178,0.04661320626322963,0.18400744720818216,0.001996007984031936,0.12660767594357444,0.04483376134350595,0.0817739146000685,0.001996007984031936,0.292982190201708,0.17206762988215094,74.08629855617234,225.0,1.0,66.45864202841305,83.30387570124739,108.48620388045669,0.17501038483857953,0.8115207805615037,higher visual,-2.3688334983978265,-2.2528263503790438,-2.224499665766983,direction,untuned
799864342,951104744,VISal,1.53571311286863,0.38940809972151025,0.18787215378003397,False,0.29492864380322403,0.09203744233646692,0.2028912014667571,0.001996007984031936,0.03420295641573685,0.08824885380117173,-0.05404589738543488,0.9041916167664671,0.4249985396959752,0.08571428568359553,57.295113393291466,45.0,15.0,51.69622288990041,67.50019427801854,23.933859700916436,0.12100435042341484,1.9399011030810929,higher visual,-0.9024874846110071,-0.8544328410845324,-0.8740482377830571,orientation,untuned
799864342,951104803,VISal,2.7985999588722,10.274901875202739,0.34158570231973334,True,0.06633455288402354,0.024119777622783653,0.04221477526123989,0.011976047904191617,0.05551563878273168,0.024957206539616493,0.030558432243115184,0.023952095808383235,0.03260932910573694,0.06553234940320038,134.7360585312192,90.0,2.0,137.16173636510845,130.52984164499182,146.64628779860882,0.21283519205615978,5.2919360973777945,higher visual,-5.5756403310772304,-4.452413093904782,-4.446212376700839,direction,untuned
799864342,951104854,VISal,0.730533773274092,0.25277371375825414,0.32450631219599996,False,0.35646258909689355,0.1550146555550938,0.20144793354179974,0.029940119760479042,0.31427346505377324,0.16324632866858982,0.15102713638518342,0.07385229540918163,0.6444419571577906,0.5744681315011191,105.75229835708764,270.0,1.0,100.42736912168466,113.86344376077813,98.54160953024152,0.23547207473013837,1.1057782796913067,higher visual,-0.5899856322961872,-0.5736322544220613,-0.5720327077538336,direction,untuned
799864342,951104880,VISal,1.89395563630111,1.2843635920005616,1.3321828039002839,False,0.23021747148553592,0.07083803654573453,0.1593794349398014,0.001996007984031936,0.09966893894401066,0.07985742860459305,0.01981151033941761,0.3193612774451098,0.35008735677928937,0.05915586037122233,90.6584476362324,270.0,8.0,93.99465272788382,84.34489967834345,95.33163420919827,0.06810459882486376,2.620929794843467,higher visual,-2.2428439309626467,-2.110770892640905,-2.1133791047994883,orientation,untuned
799864342,951104961,LGd,11.0582208474964,7.938468643401241,14.312470733663009,False,0.06318208103861594,0.0330511392904968,0.030130941748119144,0.05788423153692615,0.04049328929042566,0.029376779452280354,0.011116509838145303,0.29740518962075846,0.14935495847743854,0.16258248794935085,67.24504667203689,270.0,2.0,70.20949551405656,66.28979763010963,168.3613387000802,0.11778353557747046,17.891783948276558,LGd,-5.680096221477011,-5.511650826255709,-5.5328068369297805,orientation,untuned
799864342,951104968,LGd,14.9623619165901,8.8265993804739,30.79404090375969,False,0.13507987749093706,0.03168693180159922,0.10339294568933784,0.001996007984031936,0.04748954306084318,0.029848723171151663,0.017640819889691517,0.17365269461077845,0.16501233946783983,0.058583734866725815,118.17755497383324,270.0,1.0,118.48174142185502,117.83969747381218,94.4186078342916,0.06448091319306502,15.264096069055412,LGd,-6.663391433945496,-6.417596906377578,-6.44905512252772,orientation,untuned
799864342,951105125,VISal,3.65501032077198,8.97004984072953,5.209189573932795,True,0.5785383938728962,0.04038111351762919,0.538157280355267,0.001996007984031936,0.1173271658681144,0.039072634152186786,0.07825453171592761,0.001996007984031936,0.8864937263791274,0.15276492061360017,70.19849219720942,90.0,1.0,69.84085093340789,70.50660540730885,74.7605000106644,0.41499640200791815,13.038772821384413,higher visual,-6.417820017104233,-3.3411524300123054,-3.276828156166559,direction,untuned
799864342,951105133,VISal,1.40093899751716,2.609712924989599,0.5977768168066032,True,0.30334180133677585,0.049741148058451104,0.25360065327832476,0.001996007984031936,0.0357781684340375,0.0468644913241166,-0.011086322890079103,0.6986027944111777,0.5083891244970961,0.19561547109821803,24.37571192429208,225.0,2.0,22.329378264530295,26.097932643881173,26.889539455942792,0.21570112220624224,3.3798333489380123,higher visual,-3.195840341708667,-2.9295986258806863,-2.9100634081785524,direction,untuned
799864342,951105142,VISal,0.448903637859323,1.318520657129059,0.034158430215183284,True,0.2718040105106723,0.07277665407449666,0.19902735643617567,0.001996007984031936,0.3645361555219816,0.07391347927460937,0.29062267624737226,0.001996007984031936,0.5819670183856631,0.5196842242460442,136.50651412975677,315.0,8.0,134.26585444800423,137.27694659789992,111.03797269328399,0.08984691444876557,0.5693581780541825,higher visual,-1.840025918103862,-1.7685106483841895,-1.64475133871828,direction,untuned
799864342,951105242,VISal,0.144608223837846,0.4782203333661997,0.06831694794338361,False,0.5438798510432856,0.10401674333793716,0.4398631077053485,0.001996007984031936,0.2649730590354807,0.1066687500185915,0.1583043090168892,0.007984031936127744,0.7391296488731915,0.3333328128386547,125.17307413423654,315.0,4.0,125.00846495570136,125.27994765785374,109.54535362451946,0.2469737465231424,0.37996059667917975,higher visual,-0.7640621374433032,-0.6697840566731212,-0.6671649673928783,direction,untuned
799864342,951107444,VISrl,55.6027901415744,59.03296335585526,53.902389240687334,False,0.02288045512832624,0.011675863865536885,0.011204591262789354,0.08582834331337326,0.01666919400690083,0.012080625072567961,0.0045885689343328675,0.2694610778443114,0.05019351236837225,0.017904741734884325,31.972198536672277,225.0,1.0,18.36573655286801,41.41032999634592,7.624560949742232,0.009580074540827673,61.48250285281894,higher visual,-9.76288057501517,-9.798857903130322,-9.863566100539101,untuned,untuned
799864342,951107549,VISrl,1.01366228444082,0.3210914493237845,0.06831694794068537,False,0.3254052520138167,0.1303920262649373,0.19501322574887942,0.003992015968063872,0.13191901813456852,0.12632246806301112,0.005596550071557405,0.4630738522954092,0.4461538607300372,0.2702701112114174,24.910415578336412,180.0,1.0,25.35540895792183,23.744585364129733,3.0801663365982925,0.27914290907382594,3.0239634842145513,higher visual,-0.8638618399985596,-0.8353490204167364,-0.8410601895581669,orientation,untuned
799864342,951107680,VISrl,10.1044980949337,11.955551598380755,14.756550454088739,False,0.22002303608127224,0.02618510315760346,0.1938379329236688,0.001996007984031936,0.012506561561247988,0.02589448437548582,-0.01338792281423783,0.872255489021956,0.3790387342369107,0.013319338571707508,47.298411225739436,45.0,2.0,45.29862894833379,48.982012708373915,43.18497977402757,0.07687786239540993,14.492753623196732,higher visual,-6.010214246057517,-5.2148199345228985,-5.258376981798266,orientation,untuned
799864342,951107708,VISrl,4.29900328172579,0.6900047709094556,5.157951928583321,False,0.3040857962312887,0.10125869374532871,0.20282710248595998,0.001996007984031936,0.19774987930773372,0.09663875914708694,0.10111112016064677,0.05389221556886228,0.518796469060758,0.3116901083240408,81.65042651098116,270.0,1.0,87.90753551152399,76.95236582274921,55.8066764857127,0.07190391951743193,1.96216826651637,higher visual,-1.1917543833723747,-1.1214126828515687,-1.125479678292225,orientation,orientation
799864342,951107719,VISrl,0.487865364469394,5.697671245733039,0.034158867770392246,True,0.8629481236602744,0.07075232109644561,0.7921958025638288,0.001996007984031936,0.020160735067649052,0.07215849817475026,-0.051997763107101205,0.9461077844311377,0.9716310030521141,0.028361121176728458,90.43022890856184,270.0,8.0,90.11279256565683,90.71947677876449,89.08202260593926,0.2662710269846788,1.1151891586673712,higher visual,-4.967956004493634,-2.232641106189008,-2.2368818211116293,orientation,untuned
799864342,951107772,VISrl,9.16239064605718,11.026460779225545,7.2587060631803855,True,0.15123555822218654,0.02288160571474779,0.12835395250743875,0.001996007984031936,0.07697939828222795,0.023270518165763525,0.05370888011646443,0.001996007984031936,0.260693721027217,0.029993687695587523,166.7637562648489,0.0,4.0,168.27655774732642,165.3687070716603,116.38550761753416,0.012754703031321132,11.797541983307488,higher visual,-5.2378885178545485,-4.854361001415642,-4.782036737322615,direction,untuned
799864342,951107793,VISrl,4.34255432693183,4.45429714001429,0.7685683552959058,True,0.35004688179186944,0.05333467831311675,0.2967122034787527,0.001996007984031936,0.09499248789174553,0.05131131085374013,0.04368117703800539,0.09580838323353294,0.4868878452677281,0.009287517835489673,2.274787600814658,0.0,1.0,2.121347442978282,2.3771102976704404,168.92064711050594,0.09751690575001175,2.2727272727268835,higher visual,-4.68681387496602,-3.939134988391222,-3.924621253118326,direction,untuned
799864342,951107817,VISrl,1.11659260418585,2.2544744915378243,0.42698230292679057,True,0.09220683691311993,0.08936259605382713,0.0028442408592928015,0.48502994011976047,0.40083386762397194,0.08680586095031617,0.31402800667365577,0.001996007984031936,0.414792921318292,0.7694363013371968,177.71326783020817,0.0,2.0,172.50274076899248,4.519881607203248,124.04989634140088,0.16084354491009256,1.002258610954697,higher visual,-3.4090208455704576,-3.440712874082898,-3.153606234260084,untuned,orientation
799864342,951107822,VISrl,0.676024611391838,3.019639395722097,0.7173321101463526,True,0.4039240930124218,0.06437230887946979,0.33955178413295206,0.001996007984031936,0.5983946125122429,0.06031099686857644,0.5380836156436665,0.001996007984031936,0.8170619722584355,0.6967365509481313,164.18885666972884,180.0,15.0,169.02830842635373,157.4999947583961,157.30238190851432,0.24433670763773502,1.1398529822285284,higher visual,-3.124119583221116,-2.7713032729176,-2.1593465039872335,direction,untuned
799864342,951107838,VISrl,9.84450303796169,14.92055241837647,7.42950057704421,True,0.2378054224724007,0.022268080223477926,0.21553734224892276,0.001996007984031936,0.049140916594450954,0.02117379799785325,0.027967118596597704,0.031936127744510975,0.5127287712026044,0.10386684297791918,177.41190036676687,180.0,2.0,175.89069026330966,178.72803395367404,179.77644049343638,0.08707316277008093,15.062761506281992,higher visual,-5.638200002617511,-4.594267517557592,-4.529696524452598,direction,untuned
799864342,951107846,VISrl,1.49384767964808,6.777108199541713,0.7173334228147056,True,0.31231409913955754,0.04484186658118637,0.26747223255837116,0.001996007984031936,0.30426121553136604,0.045782711090021536,0.2584785044413445,0.001996007984031936,0.7125607505672158,0.5121951047655956,172.1550107908314,0.0,8.0,177.01282166222936,167.24192491728155,161.9094637710466,0.05383600010715703,1.9701660568554866,higher visual,-5.128365415710493,-4.601453945989997,-4.183884486804673,direction,untuned
799864342,951107854,VISrl,12.4081142409289,24.43029957459074,17.864965240889983,False,0.09043013221175907,0.014954261653758526,0.07547587055800054,0.001996007984031936,0.14345822381682455,0.0147409751246338,0.12871724869219076,0.001996007984031936,0.2103571038870379,0.20770078598018152,22.64875774251224,45.0,15.0,28.78953606860183,14.459601007140991,28.43473069432951,0.021637549481131443,14.867521767625474,higher visual,-5.752581447314612,-5.393492151109404,-4.713201228998493,direction,untuned
799864342,951107862,VISrl,5.16290616555487,35.504455266157144,4.218593172518153,True,0.6332338744734182,0.03145368619457363,0.6017801882788445,0.001996007984031936,0.05063633017392623,0.03328615889405473,0.0173501712798715,0.2055888223552894,0.906280997142288,0.03618694132031112,108.45038397680786,90.0,15.0,108.46723332768812,108.43404313670544,106.77724935849723,0.4141009613152214,20.26456515621496,higher visual,-18.785118637680814,-3.631239904958335,-3.5803939856219977,direction,orientation
799864342,951107874,VISrl,11.030496339992,19.627579446295808,10.076814798338594,True,0.30543179413133364,0.025939741406788556,0.2794920527245451,0.001996007984031936,0.20794376287389152,0.023259136946106113,0.1846846259277854,0.001996007984031936,0.46975346204012436,0.3545492054818245,160.270304262842,315.0,8.0,161.39309174568797,159.20227012022744,148.3305328760582,0.11287424399433962,8.793151577188727,higher visual,-6.910105127651768,-4.869198509564842,-4.139542222993006,direction,untuned
799864342,951107880,VISrl,15.099662492824,34.41145704805403,15.337241230024471,True,0.38914943966764476,0.022100698618736155,0.3670487410489086,0.001996007984031936,0.05960640542724851,0.022238162983562022,0.037368242443686486,0.00998003992015968,0.6022267989699033,0.08497517006564323,147.73008270244748,315.0,4.0,147.85610125340108,147.61198965342976,145.93700365189565,0.20807173690629704,22.955243323726744,higher visual,-9.187877584880411,-3.7272883659332523,-3.6515792648234657,direction,untuned
799864342,951107894,VISrl,10.1105858754463,23.077635399787358,7.941885956438804,True,0.5367539068020265,0.02979092858209674,0.5069629782199297,0.001996007984031936,0.03657184417364796,0.0302641853683116,0.006307658805336364,0.35728542914171657,0.7523020191398375,0.06310065239696742,117.75838197434695,135.0,1.0,118.22383071858752,117.3054229540621,111.05814833593804,0.2719673502780351,20.48503611971417,higher visual,-10.569241366003558,-3.8148804687930955,-3.734448840839948,direction,untuned
799864342,951107899,VISrl,12.6056393040247,16.14336877246902,9.461946339698189,True,0.33016685814852753,0.021979567032348213,0.3081872911161793,0.001996007984031936,0.016623813259159136,0.022688187982318378,-0.006064374723159242,0.7105788423153693,0.41518121628768556,0.022942625564760892,67.8238699899937,225.0,2.0,66.33441948818859,69.45878753654519,77.7396216336254,0.13884028665728915,17.476002258619673,higher visual,-6.416251065822427,-3.9975476316917216,-4.015092675548235,orientation,untuned
799864342,951107928,VISrl,29.7192332486025,45.78645535254649,22.80091047616042,True,0.10412321083383988,0.008417416087687597,0.09570579474615229,0.001996007984031936,0.0302583340864955,0.008292604322056661,0.02196572976443884,0.001996007984031936,0.025360977830859374,0.02437917523300764,137.04527876962493,180.0,4.0,136.68938442096731,137.38116541533793,125.78206494666625,0.09014962611399924,38.835725677840465,higher visual,-5.3856574284480585,-3.925620779706937,-3.8635904287060034,direction,untuned
799864342,951107944,VISrl,7.35338325217614,20.536204190551576,3.3987843714608537,True,0.635477040571387,0.03729934661436718,0.5981776939570198,0.001996007984031936,0.1023931510049242,0.03676014588809284,0.06563300511683136,0.011976047904191617,0.8959321217487831,0.045929617111340054,28.012634989206294,45.0,4.0,29.325872274377115,26.77753233548123,30.709466003435562,0.44157368735493147,16.580844490222155,higher visual,-13.148047925219103,-4.837095758446411,-4.721494073040705,direction,untuned
799864342,951107960,VISrl,9.61822491921375,21.704380289645016,6.336424246852415,True,0.2933647477153494,0.023011972148921478,0.27035277556642795,0.001996007984031936,0.11726599459766529,0.023115969815979465,0.09415002478168583,0.001996007984031936,0.510696825795946,0.14672350561805134,99.47580175101177,90.0,15.0,97.68339299378947,101.10151433910755,118.71718523934413,0.06326094176260545,15.316205533603595,higher visual,-6.84361474346354,-4.764786204685597,-4.465403507245677,direction,untuned
799864342,951107970,VISrl,30.5250680721568,42.69142342791994,21.964009070784886,True,0.02334028130022628,0.007902268257912187,0.015438013042314092,0.003992015968063872,0.021891304590921597,0.008367326365894746,0.01352397822502685,0.011976047904191617,0.005104005575091724,0.07003336140555265,155.33970742303381,90.0,2.0,147.11286047373096,164.3701360818211,152.8073483135223,0.05626225152257806,40.09025774635996,higher visual,-5.361556955611913,-5.196483026270243,-5.181596354127928,direction,untuned
799864342,951107988,VISrl,5.53379248601922,17.94697442261673,4.081955338556674,True,0.6853437935974104,0.03912565097976678,0.6462181426176437,0.001996007984031936,0.05400248161322478,0.036436942548991796,0.017565539064232985,0.2315369261477046,0.9737039855935048,0.07730252842183302,64.86815341461131,45.0,2.0,64.19049646506913,65.51302778317167,68.50850928017908,0.4744987849708453,20.059288537555616,higher visual,-12.179346038284615,-2.901402241225976,-2.8987134116038007,direction,untuned
799864342,951108008,VISrl,3.14972397909497,3.4978555282040853,1.964123301570162,True,0.04203271949575453,0.03407274435023462,0.00795997514551991,0.3153692614770459,0.037491197036939164,0.031247584831324553,0.006243612205614611,0.3712574850299401,0.08762691830922123,0.02195717155021858,38.31149963037346,45.0,2.0,25.5348123458807,41.828956897413676,170.5772642953801,0.049541882001202985,3.033404671073321,higher visual,-3.924478756997373,-3.9116904500679737,-3.9282250924034976,orientation,untuned
799864342,951108012,VISrl,7.12120466923899,12.112712722179563,6.865884553295172,True,0.27957420677406086,0.029042763243794793,0.2505314435302661,0.001996007984031936,0.05796865470904974,0.028462129611606712,0.029506525097443025,0.05189620758483034,0.4488279902829828,0.08341008617858585,159.6407245279508,0.0,2.0,158.2193324839826,161.11906262368788,131.3531018124137,0.12156576112716669,12.149357350597047,higher visual,-7.325603077261581,-6.140955764801096,-6.162007531779077,orientation,untuned
799864342,951108087,VISrl,0.271046720056523,0.7241628511266938,0.2903478819807629,False,0.3314388779361144,0.0777719510933465,0.25366692684276787,0.001996007984031936,0.1626473756594226,0.08188671328577649,0.08076066237364612,0.05189620758483034,0.5142849022965649,0.261903454101211,37.981776031636436,225.0,2.0,32.028694626467654,41.8298504246407,30.2876734723962,0.2151182466820309,0.44471491433391036,higher visual,-1.1379924856079957,-1.0356109694405846,-1.0466257164050121,orientation,orientation
799864342,951108207,VISrl,5.28625396455779,6.9546909067077936,6.097316985613635,False,0.17912060107198258,0.02870306392762799,0.15041753714435457,0.001996007984031936,0.03875657224769688,0.029307572820064045,0.009448999427632835,0.26147704590818366,0.2736927011278059,0.02672575820356957,60.167109443399774,225.0,15.0,60.57141207025452,59.73320853231149,80.03585071034313,0.07030959776608833,6.0323734236801805,higher visual,-4.848746721006998,-4.44026675253509,-4.451322852359016,orientation,untuned
799864342,951108231,VISrl,0.9880936062876,3.7233094289034123,1.2297112762085334,True,0.24544118263272305,0.04270763030229176,0.20273355233043128,0.001996007984031936,0.16773160710168353,0.04336762030526955,0.12436398679641397,0.001996007984031936,0.6124276712981037,0.23442914025577427,4.0779674114269175,0.0,15.0,10.016470466452446,179.00104664185318,168.55051708825727,0.3507514155390365,1.432958034800885,higher visual,-4.259153917079374,-3.966776716639926,-3.9057433749425607,direction,untuned
799864342,951108504,VISrl,1.23713065833677,4.11952709179241,0.6148563819528078,True,0.2896430543747733,0.04008458527087596,0.2495584691038973,0.001996007984031936,0.1948839228644417,0.04014013399826972,0.154743788866172,0.001996007984031936,0.5141218741369368,0.28297770815624357,92.89121415124849,90.0,4.0,92.81671480015116,92.97573345662408,72.25624384643402,0.10859265849830385,1.4398644833436838,higher visual,-3.147438964369207,-2.730991412708829,-2.6318040730780052,direction,untuned
799864342,951108512,VISrl,0.624699938761923,2.828339689656376,0.529458643711451,True,0.537715385863401,0.06889992672508957,0.46881545913831135,0.001996007984031936,0.23705647211427805,0.06889767067692934,0.1681588014373487,0.001996007984031936,0.6659969050204472,0.3080574273017621,45.98111757350085,45.0,4.0,45.40486870284331,46.86570093461493,68.35142506098708,0.23351408471229557,1.1763598720117532,higher visual,-2.4621170233396112,-1.6586920341946203,-1.6818285151789976,orientation,untuned
